0.512124	300	3.4814	0.0	22500.0	512.124	0.3
2.352034	300	5.64149	0.0	150000.0	1839.91	0.3
4.146434	300	7.84709	0.0	150000.0	1794.4	0.3
6.514554	300	9.47897	0.0	150000.0	2368.12	0.3
8.893084	300	11.1004	0.0	150000.0	2378.53	0.3
10.878364	300	13.1152	0.0	150000.0	1985.28	0.3
14.038544	750	13.955	0.0	375000.0	3160.18	0.3
15.680144	300	16.3134	0.0	150000.0	1641.6	-0.15000000000000002
17.722264	300	18.2713	0.0	150000.0	2042.12	0.3
19.358314	300	20.6352	0.0	150000.0	1636.05	0.3
21.542224	300	22.4513	0.0	150000.0	2183.91	0.3
23.500204	300	24.4933	0.0	150000.0	1957.98	0.3
25.570574	300	26.423	0.0	150000.0	2070.37	0.3
27.642164	300	28.3514	0.0	150000.0	2071.59	0.3
29.737434	300	30.2561	0.0	150000.0	2095.27	0.3
31.834944	300	32.1586	0.0	150000.0	2097.51	0.3
33.863084	300	34.1304	0.0	150000.0	2028.14	0.3
37.366344	750	34.6272	0.0	375000.0	3503.26	0.3
38.903724	300	37.0898	0.0	150000.0	1537.38	-0.15000000000000002
44.327494	1200	35.666	1.42377	600000.0	5423.77	-5.822211
53.732044	1850	30.2615	5.40455	925000.0	9404.55	-22.039565
62.175914	1850	25.8176	4.44387	925000.0	8443.87	-17.258641
70.802404	1850	21.1911	4.62649	925000.0	8626.49	-18.043907
79.267984	1850	16.7255	4.46558	925000.0	8465.58	-17.351993999999998
87.149624	1850	12.8439	3.88164	925000.0	7881.64	-14.841052
95.639984	1850	8.35354	4.49036	925000.0	8490.36	-17.458547999999997
104.058974	1850	3.93455	4.41899	925000.0	8418.99	-17.151656999999997
107.776354	750	4.21717	0.0	375000.0	3717.38	-0.3500000000000001
111.220734	750	4.77279	0.0	375000.0	3444.38	0.75
113.232514	300	6.76102	0.0	150000.0	2011.78	-0.15000000000000002
115.256474	300	8.73706	0.0	150000.0	2023.96	0.3
116.760714	300	11.2328	0.0	150000.0	1504.24	0.3
118.724304	300	13.2692	0.0	150000.0	1963.59	0.3
120.667934	300	15.3256	0.0	150000.0	1943.63	0.3
122.600864	300	17.3927	0.0	150000.0	1932.93	0.3
124.547764	300	19.4458	0.0	150000.0	1946.9	0.3
126.514654	300	21.4789	0.0	150000.0	1966.89	0.3
128.454464	300	23.5391	0.0	150000.0	1939.81	0.3
130.404984	300	25.5886	0.0	150000.0	1950.52	0.3
131.951774	300	28.0418	0.0	150000.0	1546.79	0.3
135.510064	750	28.4835	0.0	375000.0	3558.29	0.3
139.083824	750	28.9097	0.0	375000.0	3573.76	0.75
142.704884	750	29.2886	0.0	375000.0	3621.06	0.75
148.505314	1200	27.4882	1.80043	600000.0	5800.43	-6.991848999999999
157.413034	1850	22.5805	4.90772	925000.0	8907.72	-19.903195999999998
165.547354	1850	18.4462	4.13432	925000.0	8134.32	-15.927576
174.066364	1850	13.9272	4.51901	925000.0	8519.01	-17.581742999999996
187.240464	2850	4.75307	9.17409	1425000.0	13174.1	-37.598586999999995

