0.589776	300	3.40843	0.0	22500.0	589.776	0.3
2.662766	300	5.33544	0.0	150000.0	2072.99	0.3
4.654216	300	7.344	0.0	150000.0	1991.45	0.3
23.705016	750	0	15.0508	375000.0	19050.8	-64.41844
37.233216	300	0	9.52824	150000.0	13528.2	-41.121432000000006
48.898816	300	0.055532	7.66565	150000.0	11665.6	-32.662295
57.899256	300	0.202424	5.00044	150000.0	9000.44	-21.201892
66.538926	300	0	4.63967	150000.0	8639.67	-19.650581
75.707266	300	0	5.16834	150000.0	9168.34	-21.923861999999996
83.655516	300	0.054892	3.94825	150000.0	7948.25	-16.677474999999998
128.998616	300	0	41.3431	150000.0	45343.1	-177.47532999999999
151.324916	300	0	18.3263	150000.0	22326.3	-78.50309
164.856516	300	0	9.53164	150000.0	13531.6	-40.686052
177.409516	300	0	8.55296	150000.0	12553.0	-36.477728000000006
187.696416	300	0.026944	6.28693	150000.0	10286.9	-26.733798999999998
