0.512124	0.0439346720716
2.352034	0.0390793317585
4.146434	0.0436957689993
6.514554	0.0436093202767
8.893084	0.0435191724655
10.878364	0.049517844612
12.379034	0.0567964814205
14.103614	0.059022130296
17.360184	0.0626713528039
21.490864	0.0682455321606
25.118604	0.0730226906157
28.246584	0.0754906027486
31.748694	0.0789531863372
35.435204	0.0878942253373
41.172084	0.090627487158
46.903444	0.0908640565569
52.791504	0.0987821331326
58.761384	0.0975433120067
64.495914	0.0980934012245
69.991934	0.0987252606153
75.542614	0.099348102691
81.102454	0.100499884396
86.770434	0.101583138384
90.092494	0.103126719009
93.806984	0.0993458309202
96.747814	0.0950390403783
100.193064	0.0952051404685
103.735064	0.0952078763081
107.124694	0.0948301684252
110.618144	0.0960770342232
113.987374	0.104186969423
117.491814	0.103830479693
121.587764	0.0887130348275
125.035474	0.0884253615345
128.061694	0.0907938577219
131.521414	0.090325287091
135.033634	0.0902852267818
138.568584	0.0955843886726
142.210934	0.0945011835991
145.851614	0.0982730093615
149.506274	0.0972078167248
152.981054	0.0974106013399
158.597024	0.0975463093923
164.549504	0.0982822184483
171.464264	0.0836076142086
177.123044	0.0841387212883
180.844544	0.0830351361571
185.273614	0.0791669536174

