0.551304	300	3.44456	0.0	22500.0	551.304	0.3
2.518774	300	5.47709	0.0	150000.0	1967.47	0.3
4.396284	300	7.59958	0.0	150000.0	1877.51	0.3
10.022244	750	5.97362	1.62596	375000.0	5625.96	-6.691628000000001
11.716444	300	8.27942	0.0	150000.0	1694.2	-0.15000000000000002
15.553294	750	8.44257	0.0	375000.0	3836.85	0.3
18.920494	750	9.07538	0.0	375000.0	3367.2	0.75
24.653534	1200	7.34234	1.73304	600000.0	5733.04	-6.702071999999999
28.110374	750	7.8855	0.0	375000.0	3456.84	0.3
31.156934	750	8.83894	0.0	375000.0	3046.56	0.75
34.106514	750	9.88935	0.0	375000.0	2949.58	0.75
39.497244	1200	8.49862	1.39073	600000.0	5390.73	-5.230138999999999
42.976944	750	9.01892	0.0	375000.0	3479.7	0.3
48.829074	1200	7.16679	1.85213	600000.0	5852.13	-7.2141589999999995
52.471864	750	7.524	0.0	375000.0	3642.79	0.3
56.589984	750	7.40588	0.118116	375000.0	4118.12	0.24210120000000002
60.917704	750	7.07816	0.327724	375000.0	4327.72	-0.6592131999999999
63.998314	750	7.99755	0.0	375000.0	3080.61	0.75
67.660404	750	8.33546	0.0	375000.0	3662.09	0.75
71.949654	750	8.04621	0.289248	375000.0	4289.25	-0.49376639999999994
75.671494	750	8.32437	0.0	375000.0	3721.84	0.75
79.147514	750	8.84835	0.0	375000.0	3476.02	0.75
83.582774	750	8.4131	0.435256	375000.0	4435.26	-1.1216007999999997
86.738144	750	9.25773	0.0	375000.0	3155.37	0.75
92.245104	1200	7.75077	1.50696	600000.0	5506.96	-5.729928
95.633934	750	8.36193	0.0	375000.0	3388.83	0.3
98.421434	750	9.57443	0.0	375000.0	2787.5	0.75
104.002804	1200	7.99306	1.58137	600000.0	5581.37	-6.049891
107.200514	750	8.79535	0.0	375000.0	3197.71	0.3
110.489564	750	9.50631	0.0	375000.0	3289.05	0.75
116.028074	1200	7.9678	1.53851	600000.0	5538.51	-5.865593
119.016534	750	8.97934	0.0	375000.0	2988.46	0.3
122.399454	750	9.59642	0.0	375000.0	3382.92	0.75
128.016574	1200	7.9793	1.61712	600000.0	5617.12	-6.203615999999999
131.167374	750	8.8285	0.0	375000.0	3150.8	0.3
134.557784	750	9.43808	0.0	375000.0	3390.41	0.75
140.035564	1200	7.9603	1.47778	600000.0	5477.78	-5.6044540000000005
143.537624	750	8.45824	0.0	375000.0	3502.06	0.3
146.942364	750	9.0535	0.0	375000.0	3404.74	0.75
152.689284	1200	7.30659	1.74692	600000.0	5746.92	-6.761756
156.215184	750	7.78069	0.0	375000.0	3525.9	0.3
159.848024	750	8.14785	0.0	375000.0	3632.84	0.75
163.122854	750	8.87302	0.0	375000.0	3274.83	0.75
166.631644	750	9.36422	0.0	375000.0	3508.79	0.75
171.999364	1200	7.99651	1.36772	600000.0	5367.72	-5.131196
175.596184	750	8.39969	0.0	375000.0	3596.82	0.3
179.940474	750	8.0554	0.344292	375000.0	4344.29	-0.7304556
183.502114	750	8.49375	0.0	375000.0	3561.64	0.75

