0.551304	0.0408123285882
2.518774	0.03629774318
4.396284	0.040853603856
6.655504	0.0418877728954
9.020664	0.0421627658251
10.971394	0.0491411288551
12.530764	0.0561314079805
14.246424	0.0608277634099
17.881684	0.0657099595521
21.389234	0.0735316950221
25.143774	0.0778557108801
28.700334	0.0792757640945
32.304914	0.0822809882204
35.996534	0.0845346108285
41.513944	0.0969620912841
47.446464	0.097464970895
53.310344	0.0987341254598
59.207864	0.0982926656172
65.029404	0.0985806146831
70.437084	0.0970557432357
76.011324	0.0982730827111
81.592524	0.0992553208208
87.164664	0.100410520854
91.353164	0.0867985036995
95.042734	0.0853318667705
98.427134	0.0857975267032
101.986324	0.0854650095351
105.430464	0.0856449039801
108.851184	0.0994980726007
112.215134	0.101384737388
115.802714	0.10145479204
119.141764	0.102756668174
122.065654	0.0981969755559
126.365214	0.0828416861966
129.876774	0.0821493234659
133.296134	0.0829392867317
136.810894	0.0821145001083
140.449774	0.0789209261742
144.099974	0.10244816437
147.684614	0.102027736522
151.260144	0.101362056128
155.599064	0.0826358373117
159.242614	0.0826153023974
162.879084	0.0826757050523
166.462344	0.0826817809983
170.164764	0.0821268113035
175.594774	0.0947040966637
185.266414	0.093263632929

