0.512124	300	3.4814	0.0	22500.0	512.124	0.3
2.352034	300	5.64149	0.0	150000.0	1839.91	0.3
4.146434	300	7.84709	0.0	150000.0	1794.4	0.3
6.514554	300	9.47897	0.0	150000.0	2368.12	0.3
8.893084	300	11.1004	0.0	150000.0	2378.53	0.3
10.878364	300	13.1152	0.0	150000.0	1985.28	0.3
12.379034	300	15.6145	0.0	150000.0	1500.67	0.3
16.588954	750	15.4046	0.20992	375000.0	4209.92	-0.6026559999999999
19.478414	750	16.5151	0.0	375000.0	2889.46	0.75
23.445714	750	16.5478	0.0	375000.0	3967.3	0.75
27.065114	750	16.9284	0.0	375000.0	3619.4	0.75
30.506344	750	17.4872	0.0	375000.0	3441.23	0.75
33.975954	750	18.0176	0.0	375000.0	3469.61	0.75
37.501504	750	18.492	0.0	375000.0	3525.55	0.75
40.884934	750	19.1086	0.0	375000.0	3383.43	0.75
45.036144	750	18.9574	0.151208	375000.0	4151.21	0.09980559999999994
49.191134	750	18.8024	0.154988	375000.0	4154.99	0.08355160000000006
52.612634	750	19.3809	0.0	375000.0	3421.5	0.75
56.196914	750	19.7966	0.0	375000.0	3584.28	0.75
59.152294	750	20.8412	0.0	375000.0	2955.38	0.75
62.168394	750	21.8251	0.0	375000.0	3016.1	0.75
65.827284	750	22.1662	0.0	375000.0	3658.89	0.75
70.116784	750	21.8767	0.289504	375000.0	4289.5	-0.49486719999999984
73.192844	750	22.8007	0.0	375000.0	3076.06	0.75
77.570144	750	22.4234	0.377304	375000.0	4377.3	-0.8724071999999998
81.446154	750	22.5474	0.0	375000.0	3876.01	0.75
84.945504	750	23.048	0.0	375000.0	3499.35	0.75
88.420884	750	23.5726	0.0	375000.0	3475.38	0.75
91.809264	750	24.1843	0.0	375000.0	3388.38	0.75
94.950664	750	25.0429	0.0	375000.0	3141.4	0.75
103.692754	1850	20.3008	4.74209	925000.0	8742.09	-19.640987
111.190154	1850	16.8034	3.4974	925000.0	7497.4	-13.18882
119.114854	1850	12.8787	3.9247	925000.0	7924.7	-15.02621
126.875314	1850	9.11822	3.76046	925000.0	7760.46	-14.319978
129.980354	750	10.0132	0.0	375000.0	3105.04	-0.3500000000000001
131.840534	300	12.153	0.0	150000.0	1860.18	-0.15000000000000002
133.745034	300	14.2485	0.0	150000.0	1904.5	0.3
136.810544	750	15.183	0.0	375000.0	3065.51	0.3
140.436484	750	15.557	0.0	375000.0	3625.94	0.75
144.018554	750	15.975	0.0	375000.0	3582.07	0.75
147.656694	750	16.3368	0.0	375000.0	3638.14	0.75
151.149434	750	16.8441	0.0	375000.0	3492.74	0.75
155.485434	750	16.5081	0.336	375000.0	4336.0	-0.6948000000000001
159.159364	750	16.8342	0.0	375000.0	3673.93	0.75
162.794184	750	17.1993	0.0	375000.0	3634.82	0.75
166.517184	750	17.4763	0.0	375000.0	3723.0	0.75
169.595604	750	18.3979	0.0	375000.0	3078.42	0.75
174.005304	750	17.9882	0.409704	375000.0	4409.7	-1.0117272

