0.512124	300	3.4814	0.0	22500.0	512.124	0.3
2.352034	300	5.64149	0.0	150000.0	1839.91	0.3
4.146434	300	7.84709	0.0	150000.0	1794.4	0.3
6.514554	300	9.47897	0.0	150000.0	2368.12	0.3
8.893084	300	11.1004	0.0	150000.0	2378.53	0.3
10.878364	300	13.1152	0.0	150000.0	1985.28	0.3
12.379034	300	15.6145	0.0	150000.0	1500.67	0.3
14.103614	300	17.8899	0.0	150000.0	1724.58	0.3
17.360184	750	18.6333	0.0	375000.0	3256.57	0.3
21.490864	750	18.5027	0.13068	375000.0	4130.68	0.18807600000000002
25.118604	750	18.8749	0.0	375000.0	3627.74	0.75
28.246584	750	19.747	0.0	375000.0	3127.98	0.75
31.748694	750	20.2448	0.0	375000.0	3502.11	0.75
35.435204	750	20.5583	0.0	375000.0	3686.51	0.75
41.172084	1200	18.8214	1.73688	600000.0	5736.88	-6.718584
46.903444	1200	17.0901	1.73136	600000.0	5731.36	-6.244847999999999
52.791504	1200	15.202	1.88806	600000.0	5888.06	-6.918658
58.761384	1200	13.2321	1.96988	600000.0	5969.88	-7.270484000000001
64.495914	1200	11.4976	1.73453	600000.0	5734.53	-6.2584789999999995
69.991934	1200	10.0016	1.49602	600000.0	5496.02	-5.232885999999999
75.542614	1200	8.45092	1.55068	600000.0	5550.68	-5.467924
81.102454	1200	6.89107	1.55984	600000.0	5559.84	-5.507311999999999
86.770434	1200	5.22309	1.66798	600000.0	5667.98	-5.972314
90.092494	750	5.90103	0.0	375000.0	3322.06	0.3
93.806984	750	6.18654	0.0	375000.0	3714.49	0.75
96.747814	750	7.24571	0.0	375000.0	2940.83	0.75
100.193064	750	7.80047	0.0	375000.0	3445.25	0.75
103.735064	750	8.25847	0.0	375000.0	3542.0	0.75
107.124694	750	8.86883	0.0	375000.0	3389.63	0.75
110.618144	750	9.37538	0.0	375000.0	3493.45	0.75
113.987374	750	10.0062	0.0	375000.0	3369.23	0.75
117.491814	750	10.5017	0.0	375000.0	3504.44	0.75
121.587764	750	10.4058	0.0959519	375000.0	4095.95	0.33740683
125.035474	750	10.9581	0.0	375000.0	3447.71	0.75
128.061694	750	11.9318	0.0	375000.0	3026.22	0.75
131.521414	750	12.4721	0.0	375000.0	3459.72	0.75
135.033634	750	12.9599	0.0	375000.0	3512.22	0.75
138.568584	750	13.4249	0.0	375000.0	3534.95	0.75
142.210934	750	13.7826	0.0	375000.0	3642.35	0.75
145.851614	750	14.1419	0.0	375000.0	3640.68	0.75
149.506274	750	14.4873	0.0	375000.0	3654.66	0.75
152.981054	750	15.0125	0.0	375000.0	3474.78	0.75
158.597024	1200	13.3965	1.61597	600000.0	5615.97	-6.198670999999999
164.549504	1200	11.444	1.95248	600000.0	5952.48	-7.195664
171.464264	1200	8.52927	2.91476	600000.0	6914.76	-11.333468
177.123044	1200	6.87049	1.65878	600000.0	5658.78	-5.932753999999999
180.844544	750	7.149	0.0	375000.0	3721.5	0.3
185.273614	750	6.71993	0.429068	375000.0	4429.07	-1.0949924

