0.551304	300	3.44456	0.0	22500.0	551.304	0.3
2.518774	300	5.47709	0.0	150000.0	1967.47	0.3
4.396284	300	7.59958	0.0	150000.0	1877.51	0.3
6.655504	300	9.34036	0.0	150000.0	2259.22	0.3
9.020664	300	10.9752	0.0	150000.0	2365.16	0.3
10.971394	300	13.0245	0.0	150000.0	1950.73	0.3
12.530764	300	15.4651	0.0	150000.0	1559.37	0.3
16.643134	750	15.3527	0.112368	375000.0	4112.37	-0.18318239999999997
20.006994	750	15.9889	0.0	375000.0	3363.86	0.75
23.407814	750	16.5881	0.0	375000.0	3400.82	0.75
27.020574	750	16.9753	0.0	375000.0	3612.76	0.75
29.951494	750	18.0444	0.0	375000.0	2930.92	0.75
33.419254	750	18.5766	0.0	375000.0	3467.76	0.75
36.944274	750	19.0516	0.0	375000.0	3525.02	0.75
40.484974	750	19.5109	0.0	375000.0	3540.7	0.75
43.817284	750	20.1786	0.0	375000.0	3332.31	0.75
46.774624	750	21.2213	0.0	375000.0	2957.34	0.75
49.739844	750	22.256	0.0	375000.0	2965.22	0.75
53.210164	750	22.7857	0.0	375000.0	3470.32	0.75
57.513844	750	22.482	0.303684	375000.0	4303.68	-0.5558411999999999
61.655274	750	22.3406	0.141428	375000.0	4141.43	0.14185960000000009
65.244464	750	22.7514	0.0	375000.0	3589.19	0.75
68.887984	750	23.1079	0.0	375000.0	3643.52	0.75
72.679904	750	23.316	0.0	375000.0	3791.92	0.75
76.290134	750	23.7057	0.0	375000.0	3610.23	0.75
80.191064	750	23.8048	0.0	375000.0	3900.93	0.75
83.227964	750	24.7679	0.0	375000.0	3036.9	0.75
92.080104	1850	19.9158	4.85214	925000.0	8852.14	-20.114202000000002
100.181964	1850	15.8139	4.10186	925000.0	8101.86	-15.787998
108.589784	1850	11.4061	4.40782	925000.0	8407.82	-17.103626
117.362414	1850	6.63348	4.77263	925000.0	8772.63	-18.672309
120.811774	750	7.18412	0.0	375000.0	3449.36	-0.3500000000000001
122.718094	300	9.2778	0.0	150000.0	1906.32	-0.15000000000000002
124.659824	300	11.3361	0.0	150000.0	1941.73	0.3
126.650854	300	13.345	0.0	150000.0	1991.03	0.3
128.233254	300	15.7626	0.0	150000.0	1582.4	0.3
131.746514	750	16.2494	0.0	375000.0	3513.26	0.3
135.060394	750	16.9355	0.0	375000.0	3313.88	0.75
138.677604	750	17.3183	0.0	375000.0	3617.21	0.75
142.291184	750	17.7047	0.0	375000.0	3613.58	0.75
145.839784	750	18.1561	0.0	375000.0	3548.6	0.75
149.436284	750	18.5596	0.0	375000.0	3596.5	0.75
152.957114	750	19.0388	0.0	375000.0	3520.83	0.75
156.123984	750	19.8719	0.0	375000.0	3166.87	0.75
159.812754	750	20.1831	0.0	375000.0	3688.77	0.75
163.450464	750	20.5454	0.0	375000.0	3637.71	0.75
167.881994	750	20.1139	0.431532	375000.0	4431.53	-1.1055876
171.388334	750	20.6075	0.0	375000.0	3506.34	0.75

