0.589776	300	3.40843	0.0	22500.0	589.776	0.3
2.662766	300	5.33544	0.0	150000.0	2072.99	0.3
4.654216	300	7.344	0.0	150000.0	1991.45	0.3
7.323876	300	8.67434	0.0	150000.0	2669.66	0.3
12.297286	300	7.70093	0.973408	150000.0	4973.41	-3.8856544
17.644716	300	6.3535	1.34743	150000.0	5347.43	-5.493949
22.063826	300	5.93439	0.419108	150000.0	4419.11	-1.5021643999999998
27.518346	300	4.47987	1.45452	150000.0	5454.52	-5.954436
34.403096	300	1.59512	2.88475	150000.0	6884.75	-12.104424999999999
43.110506	300	0	4.70741	150000.0	8707.41	-19.941863
52.159106	300	0	5.0486	150000.0	9048.6	-21.40898
62.809006	300	0	6.64986	150000.0	10649.9	-28.294398
74.504306	300	0	7.69534	150000.0	11695.3	-32.789962
83.721426	300	0.00311201	5.21712	150000.0	9217.12	-22.133616
92.201336	300	0	4.47991	150000.0	8479.91	-18.963613
101.040716	300	0	4.83938	150000.0	8839.38	-20.509334
109.543866	300	0.05546	4.50315	150000.0	8503.15	-19.063544999999998
119.353616	300	0	5.80975	150000.0	9809.75	-24.681925
129.073706	300	0.011848	5.72009	150000.0	9720.09	-24.296387
138.518386	300	0	5.44468	150000.0	9444.68	-23.112123999999998
149.061986	300	0	6.5436	150000.0	10543.6	-27.837479999999996
158.005566	300	0	4.94358	150000.0	8943.58	-20.957393999999997
165.352446	300	0.117316	3.34688	150000.0	7346.88	-14.091584
172.598546	300	0	3.2461	150000.0	7246.1	-13.65823
187.064846	300	0	10.4663	150000.0	14466.3	-44.705090000000006
