0.589776	300	3.40843	0.0	22500.0	589.776	0.3
2.662766	300	5.33544	0.0	150000.0	2072.99	0.3
4.654216	300	7.344	0.0	150000.0	1991.45	0.3
7.323876	300	8.67434	0.0	150000.0	2669.66	0.3
12.299146	300	7.69907	0.975268	150000.0	4975.27	-3.8936523999999997
20.364556	300	3.63366	4.06541	150000.0	8065.41	-17.181262999999998
29.999766	300	0.03906	5.63521	150000.0	9635.21	-23.931402999999996
39.763376	300	0	5.76361	150000.0	9763.61	-24.483522999999998
48.707556	300	0	4.94418	150000.0	8944.18	-20.959974
57.081096	300	0	4.37354	150000.0	8373.54	-18.506222
83.352996	300	0	22.2719	150000.0	26271.9	-95.46916999999999
103.759896	300	0	16.4069	150000.0	20406.9	-70.24967
118.700996	300	0	10.9411	150000.0	14941.1	-46.74673000000001
130.470996	300	0	7.77005	150000.0	11770.0	-33.111215
141.108996	300	0.163096	6.63798	150000.0	10638.0	-28.243313999999998
150.805916	300	0	5.69692	150000.0	9696.92	-24.196756
159.830146	300	0	5.02423	150000.0	9024.23	-21.304189
168.332316	300	0	4.50217	150000.0	8502.17	-19.059330999999997
176.191696	300	0	3.85938	150000.0	7859.38	-16.295333999999997
183.459776	300	0.099672	3.26808	150000.0	7268.08	-13.752743999999998
189.616476	300	0	2.1567	150000.0	6156.7	-8.973809999999999
