0.589776	300	3.40843	0.0	22500.0	589.776	0.3
2.662766	300	5.33544	0.0	150000.0	2072.99	0.3
4.654216	300	7.344	0.0	150000.0	1991.45	0.3
7.323876	300	8.67434	0.0	150000.0	2669.66	0.3
12.299146	300	7.69907	0.975268	150000.0	4975.27	-3.8936523999999997
28.242246	300	0	11.9431	150000.0	15943.1	-51.05533
47.359046	300	0	15.1168	150000.0	19116.8	-64.70224
61.621746	300	0	10.2627	150000.0	14262.7	-43.82961
72.640046	300	0.056352	7.01829	150000.0	11018.3	-29.878647
81.487446	300	0	4.8474	150000.0	8847.4	-20.54382
104.878446	300	0	19.391	150000.0	23391.0	-83.0813
121.401146	300	0	12.5227	150000.0	16522.7	-53.54761
131.846346	300	0	6.44516	150000.0	10445.2	-27.414187999999996
141.715746	300	0.057688	5.8694	150000.0	9869.4	-24.938419999999997
152.391946	300	0	6.67615	150000.0	10676.2	-28.407444999999996
161.692686	300	0.00234	5.30074	150000.0	9300.74	-22.493182
170.882976	300	0	5.19029	150000.0	9190.29	-22.018247
178.438336	300	0	3.55536	150000.0	7555.36	-14.988047999999997
185.895356	300	0.351572	3.45702	150000.0	7457.02	-14.565185999999999
192.880696	300	0.029132	2.98534	150000.0	6985.34	-12.536961999999999
