0.551304	300	3.44456	0.0	22500.0	551.304	0.3
2.518774	300	5.47709	0.0	150000.0	1967.47	0.3
4.396284	300	7.59958	0.0	150000.0	1877.51	0.3
6.655504	300	9.34036	0.0	150000.0	2259.22	0.3
9.020664	300	10.9752	0.0	150000.0	2365.16	0.3
10.971394	300	13.0245	0.0	150000.0	1950.73	0.3
12.530764	300	15.4651	0.0	150000.0	1559.37	0.3
14.246424	300	17.7494	0.0	150000.0	1715.66	0.3
17.881684	750	18.1142	0.0	375000.0	3635.26	0.3
21.389234	750	18.6066	0.0	375000.0	3507.55	0.75
25.143774	750	18.8521	0.0	375000.0	3754.54	0.75
28.700334	750	19.2955	0.0	375000.0	3556.56	0.75
32.304914	750	19.6909	0.0	375000.0	3604.58	0.75
35.996534	750	19.9993	0.0	375000.0	3691.62	0.75
41.513944	1200	18.4819	1.51741	600000.0	5517.41	-5.774862999999999
47.446464	1200	16.5494	1.93252	600000.0	5932.52	-7.109835999999999
53.310344	1200	14.6855	1.86388	600000.0	5863.88	-6.814683999999999
59.207864	1200	12.788	1.89752	600000.0	5897.52	-6.9593359999999995
65.029404	1200	10.9665	1.82154	600000.0	5821.54	-6.632622
70.437084	1200	9.55877	1.40768	600000.0	5407.68	-4.853024
76.011324	1200	7.98454	1.57424	600000.0	5574.24	-5.5692319999999995
81.592524	1200	6.40334	1.5812	600000.0	5581.2	-5.5991599999999995
87.164664	1200	4.8312	1.57214	600000.0	5572.14	-5.560202
91.353164	750	4.64269	0.188504	375000.0	4188.5	-0.5105671999999999
95.042734	750	4.95313	0.0	375000.0	3689.57	0.75
98.427134	750	5.56873	0.0	375000.0	3384.4	0.75
101.986324	750	6.00953	0.0	375000.0	3559.19	0.75
105.430464	750	6.56539	0.0	375000.0	3444.14	0.75
108.851184	750	7.14467	0.0	375000.0	3420.72	0.75
112.215134	750	7.78072	0.0	375000.0	3363.95	0.75
115.802714	750	8.19315	0.0	375000.0	3587.58	0.75
119.141764	750	8.8541	0.0	375000.0	3339.05	0.75
122.065654	750	9.93021	0.0	375000.0	2923.89	0.75
126.365214	750	9.63065	0.29956	375000.0	4299.56	-0.5381079999999998
129.876774	750	10.1191	0.0	375000.0	3511.56	0.75
133.296134	750	10.6997	0.0	375000.0	3419.36	0.75
136.810894	750	11.185	0.0	375000.0	3514.76	0.75
140.449774	750	11.5461	0.0	375000.0	3638.88	0.75
144.099974	750	11.8959	0.0	375000.0	3650.2	0.75
147.684614	750	12.3112	0.0	375000.0	3584.64	0.75
151.260144	750	12.7357	0.0	375000.0	3575.53	0.75
155.599064	750	12.3968	0.338924	375000.0	4338.92	-0.7073731999999999
159.242614	750	12.7532	0.0	375000.0	3643.55	0.75
162.879084	750	13.1168	0.0	375000.0	3636.47	0.75
166.462344	750	13.5335	0.0	375000.0	3583.26	0.75
170.164764	750	13.8311	0.0	375000.0	3702.42	0.75
175.594774	1200	12.4011	1.43001	600000.0	5430.01	-5.399043
185.266414	1850	6.72945	5.67164	925000.0	9671.64	-23.188051999999995

