0.589776	0.0381500773175
2.662766	0.0339223599837
4.654216	0.0382111441009
7.323876	0.0381959780199
12.299146	0.0256988332972
20.364556	0.0147103666023
29.999766	0.0106410455895
39.763376	0.00828542361252
48.707556	0.00702920241216
57.081096	0.00649579268611
83.352996	0.00405921378613
103.759896	0.0034664193788
118.700996	0.00323905818309
130.470996	0.00312711334081
141.108996	0.00304284105654
150.805916	0.00686395330713
159.830146	0.0093999532363
168.332316	0.0106194581959
176.191696	0.0115277703086
183.459776	0.01244505362
189.616476	0.0145181012688
