0.512124	300	3.4814	0.0	22500.0	512.124	0.3
2.352034	300	5.64149	0.0	150000.0	1839.91	0.3
4.146434	300	7.84709	0.0	150000.0	1794.4	0.3
9.993744	750	5.99978	1.84731	375000.0	5847.31	-7.643433
11.588854	300	8.40467	0.0	150000.0	1595.11	-0.15000000000000002
15.527224	750	8.4663	0.0	375000.0	3938.37	0.3
18.466464	750	9.52706	0.0	375000.0	2939.24	0.75
24.444494	1200	7.54903	1.97803	600000.0	5978.03	-7.755528999999999
28.212224	750	7.7813	0.0	375000.0	3767.73	0.3
32.433224	750	7.5603	0.221004	375000.0	4221.0	-0.20031719999999997
36.622804	750	7.37072	0.18958	375000.0	4189.58	-0.06519399999999997
40.083364	750	7.91016	0.0	375000.0	3460.56	0.75
43.551774	750	8.44175	0.0	375000.0	3468.41	0.75
47.197214	750	8.7963	0.0	375000.0	3645.44	0.75
50.683394	750	9.31012	0.0	375000.0	3486.18	0.75
56.572814	1200	7.4207	1.88942	600000.0	5889.42	-7.374506
59.624354	750	8.36915	0.0	375000.0	3051.54	0.3
63.520454	750	8.47306	0.0	375000.0	3896.1	0.75
67.082934	750	8.91058	0.0	375000.0	3562.48	0.75
70.677874	750	9.31564	0.0	375000.0	3594.94	0.75
76.063294	1200	7.93023	1.38542	600000.0	5385.42	-5.207306
79.794684	750	8.19884	0.0	375000.0	3731.39	0.3
83.695644	750	8.29788	0.0	375000.0	3900.96	0.75
87.472244	750	8.52129	0.0	375000.0	3776.6	0.75
91.725384	750	8.26815	0.253136	375000.0	4253.14	-0.33848480000000003
95.651444	750	8.34209	0.0	375000.0	3926.06	0.75
98.981914	750	9.01162	0.0	375000.0	3330.47	0.75
104.429894	1200	7.56363	1.44798	600000.0	5447.98	-5.476314
107.710394	750	8.28314	0.0	375000.0	3280.5	0.3
110.975094	750	9.01844	0.0	375000.0	3264.7	0.75
116.124174	1200	7.86935	1.14908	600000.0	5149.08	-4.191044000000001
119.584474	750	8.40905	0.0	375000.0	3460.3	0.3
122.856794	750	9.13673	0.0	375000.0	3272.32	0.75
128.409574	1200	7.58395	1.55278	600000.0	5552.78	-5.926954
131.732384	750	8.26114	0.0	375000.0	3322.81	0.3
135.118884	750	8.87464	0.0	375000.0	3386.5	0.75
138.557544	750	9.43598	0.0	375000.0	3438.66	0.75
144.090794	1200	7.90273	1.53325	600000.0	5533.25	-5.842975
147.515954	750	8.47757	0.0	375000.0	3425.16	0.3
151.062474	750	8.93105	0.0	375000.0	3546.52	0.75
154.460804	750	9.53272	0.0	375000.0	3398.33	0.75
160.187824	1200	7.8057	1.72702	600000.0	5727.02	-6.6761859999999995
163.598424	750	8.3951	0.0	375000.0	3410.6	0.3
167.897804	750	8.09572	0.299376	375000.0	4299.38	-0.5373167999999999
171.540524	750	8.45301	0.0	375000.0	3642.72	0.75
175.004294	750	8.98924	0.0	375000.0	3463.77	0.75
178.546304	750	9.44723	0.0	375000.0	3542.01	0.75
183.991684	1200	8.00186	1.44538	600000.0	5445.38	-5.465134

