0.551304	300	3.44456	0.0	22500.0	551.304	0.3
2.518774	300	5.47709	0.0	150000.0	1967.47	0.3
4.396284	300	7.59958	0.0	150000.0	1877.51	0.3
6.655504	300	9.34036	0.0	150000.0	2259.22	0.3
9.020664	300	10.9752	0.0	150000.0	2365.16	0.3
10.971394	300	13.0245	0.0	150000.0	1950.73	0.3
15.401784	750	12.5941	0.430392	375000.0	4430.39	-1.5506855999999998
19.067154	750	12.9287	0.0	375000.0	3665.37	0.75
21.995834	750	14.0	0.0	375000.0	2928.68	0.75
25.334884	750	14.661	0.0	375000.0	3339.05	0.75
28.148084	750	15.8478	0.0	375000.0	2813.2	0.75
31.694564	750	16.3013	0.0	375000.0	3546.48	0.75
34.369864	750	17.626	0.0	375000.0	2675.3	0.75
38.663554	750	17.3323	0.293692	375000.0	4293.69	-0.5128755999999999
41.849784	750	18.1461	0.0	375000.0	3186.23	0.75
43.807184	300	20.1887	0.0	150000.0	1957.4	-0.15000000000000002
47.228084	750	20.7678	0.0	375000.0	3420.9	0.3
50.904184	750	21.0917	0.0	375000.0	3676.1	0.75
54.301764	750	21.6941	0.0	375000.0	3397.58	0.75
56.332604	300	23.6633	0.0	150000.0	2030.84	-0.15000000000000002
60.699984	750	23.2959	0.36738	375000.0	4367.38	-1.279734
64.615904	750	23.38	0.0	375000.0	3915.92	0.75
68.205064	750	23.7908	0.0	375000.0	3589.16	0.75
72.059934	750	23.9359	0.0	375000.0	3854.87	0.75
76.318394	750	23.6775	0.258456	375000.0	4258.46	-0.3613607999999999
79.718954	750	24.2769	0.0	375000.0	3400.56	0.75
81.694244	300	26.3016	0.0	150000.0	1975.29	-0.15000000000000002
83.661564	300	28.3343	0.0	150000.0	1967.32	0.3
85.584314	300	30.4116	0.0	150000.0	1922.75	0.3
87.242484	300	32.7534	0.0	150000.0	1658.17	0.3
90.910174	750	33.0857	0.0	375000.0	3667.69	0.3
94.309194	750	33.6867	0.0	375000.0	3399.02	0.75
99.762884	1200	32.233	1.45369	600000.0	5453.69	-5.5008669999999995
108.230564	1850	27.7653	4.46768	925000.0	8467.68	-18.011023999999995
116.606064	1850	23.3898	4.3755	925000.0	8375.5	-16.964649999999995
123.160114	1850	20.8358	2.55405	925000.0	6554.05	-9.132415
130.528904	1850	17.467	3.36879	925000.0	7368.79	-12.635797
138.477594	1850	13.5183	3.94869	925000.0	7948.69	-15.129367
147.988014	1850	8.00786	5.51042	925000.0	9510.42	-21.844806
157.223784	1850	2.7721	5.23577	925000.0	9235.77	-20.663810999999995
158.752544	300	5.24334	0.0	150000.0	1528.76	-1.25
160.741304	300	7.25458	0.0	150000.0	1988.76	0.3
162.774844	300	9.22104	0.0	150000.0	2033.54	0.3
166.891434	750	9.10446	0.116588	375000.0	4116.59	-0.20132840000000002
171.329014	750	8.66688	0.437576	375000.0	4437.58	-1.1315768
174.581184	750	9.41471	0.0	375000.0	3252.17	0.75
178.361734	750	9.63416	0.0	375000.0	3780.55	0.75
184.061254	1200	7.93464	1.69952	600000.0	5699.52	-6.557936

