0.489432	300	3.50761	0.0	22500.0	489.432	0.3
1.868892	300	6.12815	0.0	150000.0	1379.46	0.3
3.234552	300	8.7625	0.0	150000.0	1365.66	0.3
6.643682	750	9.35337	0.0	375000.0	3409.13	0.3
12.134862	1200	7.86219	1.49118	600000.0	5491.18	-5.662074
15.503702	750	8.49335	0.0	375000.0	3368.84	0.3
18.728792	750	9.26826	0.0	375000.0	3225.09	0.75
23.972622	1200	8.02443	1.24383	600000.0	5243.83	-4.598469
27.258692	750	8.73836	0.0	375000.0	3286.07	0.3
30.758182	750	9.23887	0.0	375000.0	3499.49	0.75
36.364532	1200	7.63252	1.60635	600000.0	5606.35	-6.157304999999999
39.676512	750	8.32054	0.0	375000.0	3311.98	0.3
43.154592	750	8.84246	0.0	375000.0	3478.08	0.75
46.610812	750	9.38624	0.0	375000.0	3456.22	0.75
52.578002	1200	7.41905	1.96719	600000.0	5967.19	-7.708917
56.073652	750	7.9234	0.0	375000.0	3495.65	0.3
59.362222	750	8.63483	0.0	375000.0	3288.57	0.75
62.573522	750	9.42354	0.0	375000.0	3211.3	0.75
68.248272	1200	7.74878	1.67475	600000.0	5674.75	-6.4514249999999995
71.652332	750	8.34473	0.0	375000.0	3404.06	0.3
75.124192	750	8.87287	0.0	375000.0	3471.86	0.75
78.661612	750	9.33545	0.0	375000.0	3537.42	0.75
83.727182	1200	8.26988	1.06557	600000.0	5065.57	-3.831950999999999
87.094682	750	8.90238	0.0	375000.0	3367.5	0.3
90.602472	750	9.39459	0.0	375000.0	3507.79	0.75
95.718252	1200	8.2788	1.11578	600000.0	5115.78	-4.047854
99.272232	750	8.72483	0.0	375000.0	3553.98	0.3
102.762412	750	9.23465	0.0	375000.0	3490.18	0.75
108.086262	1200	7.9108	1.32385	600000.0	5323.85	-4.942555
111.500362	750	8.49671	0.0	375000.0	3414.1	0.3
114.721112	750	9.27595	0.0	375000.0	3220.75	0.75
120.007412	1200	7.98966	1.2863	600000.0	5286.3	-4.78109
123.434392	750	8.56268	0.0	375000.0	3426.98	0.3
126.852412	750	9.14466	0.0	375000.0	3418.02	0.75
132.297972	1200	7.6991	1.44556	600000.0	5445.56	-5.465908
135.725872	750	8.2712	0.0	375000.0	3427.9	0.3
138.842312	750	9.15476	0.0	375000.0	3116.44	0.75
144.104662	1200	7.89241	1.26235	600000.0	5262.35	-4.678105
147.607042	750	8.39003	0.0	375000.0	3502.38	0.3
150.912152	750	9.08491	0.0	375000.0	3305.11	0.75
156.568012	1200	7.42905	1.65586	600000.0	5655.86	-6.370198
159.867772	750	8.12929	0.0	375000.0	3299.76	0.3
163.431722	750	8.56534	0.0	375000.0	3563.95	0.75
166.670342	750	9.32672	0.0	375000.0	3238.62	0.75
172.070162	1200	7.9269	1.39982	600000.0	5399.82	-5.269226
175.544142	750	8.45292	0.0	375000.0	3473.98	0.3
179.093762	750	8.9033	0.0	375000.0	3549.62	0.75
182.256502	750	9.74055	0.0	375000.0	3162.74	0.75

