0.489432	0.0459716569411
1.868892	0.0409722970364
3.234552	0.0474885153356
4.630602	0.0513792676776
6.047912	0.0539053313276
7.428722	0.0685255024015
10.654242	0.077560607351
13.958132	0.0845786909548
17.243772	0.0903653291604
22.793872	0.0920317273814
28.400222	0.104346218566
33.651362	0.106332861297
39.170652	0.105421197739
44.655552	0.104544824119
50.622312	0.0990515000461
56.172012	0.099253549229
61.388172	0.099378721848
66.474392	0.100954987337
70.047572	0.10010371635
73.451632	0.102524051729
76.923492	0.102504033296
80.460912	0.100848003952
83.656112	0.10205604665
87.023182	0.103295163935
90.530972	0.102667809052
93.758712	0.104156549059
97.312692	0.104054195928
100.802872	0.103598392135
104.161772	0.103647777695
107.576302	0.104214865088
110.797052	0.104257619365
116.083352	0.105838449148
121.525082	0.106403151303
126.949422	0.106204009231
132.394552	0.106275940217
137.832852	0.107685985376
142.769642	0.103420687321
146.085172	0.103953898101
149.587122	0.103258569337
152.892232	0.103868508849
156.459072	0.102828874776
159.758832	0.102770083032
163.322782	0.101289010887
166.561402	0.102860355017
169.964502	0.102269965678
175.479242	0.104286279285
181.114452	0.102936756177
186.126332	0.10292510262

