0.489432	300	3.50761	0.0	22500.0	489.432	0.3
1.868892	300	6.12815	0.0	150000.0	1379.46	0.3
3.234552	300	8.7625	0.0	150000.0	1365.66	0.3
4.630602	300	11.3664	0.0	150000.0	1396.05	0.3
8.089812	750	11.9072	0.0	375000.0	3459.21	0.3
9.470192	300	14.5269	0.0	150000.0	1380.38	-0.15000000000000002
10.795652	300	17.2014	0.0	150000.0	1325.46	0.3
14.099542	750	17.8975	0.0	375000.0	3303.89	0.3
17.385182	750	18.6119	0.0	375000.0	3285.64	0.75
18.816302	300	21.1808	0.0	150000.0	1431.12	-0.15000000000000002
22.346852	750	21.6502	0.0	375000.0	3530.55	0.3
25.658832	750	22.3382	0.0	375000.0	3311.98	0.75
29.136912	750	22.8601	0.0	375000.0	3478.08	0.75
32.593132	750	23.4039	0.0	375000.0	3456.22	0.75
36.350852	750	23.6462	0.0	375000.0	3757.72	0.75
39.846072	750	24.151	0.0	375000.0	3495.22	0.75
45.061802	1200	22.9353	1.21573	600000.0	5215.73	-4.477639
48.273102	750	23.724	0.0	375000.0	3211.3	0.3
53.947852	1200	22.0492	1.67475	600000.0	5674.75	-6.4514249999999995
57.351912	750	22.6452	0.0	375000.0	3404.06	0.3
60.823772	750	23.1733	0.0	375000.0	3471.86	0.75
66.439852	1200	21.5572	1.61608	600000.0	5616.08	-6.1991439999999995
69.634622	750	22.3624	0.0	375000.0	3194.77	0.3
73.001692	750	22.9954	0.0	375000.0	3367.07	0.75
78.571002	1200	21.4261	1.56931	600000.0	5569.31	-5.9980329999999995
81.798742	750	22.1983	0.0	375000.0	3227.74	0.3
85.352722	750	22.6443	0.0	375000.0	3553.98	0.75
90.890262	1200	21.1068	1.53754	600000.0	5537.54	-5.861421999999999
94.248732	750	21.7483	0.0	375000.0	3358.47	0.3
97.663262	750	22.3338	0.0	375000.0	3414.53	0.75
100.884012	750	23.1131	0.0	375000.0	3220.75	0.75
106.170312	1200	21.8268	1.2863	600000.0	5286.3	-4.78109
109.597292	750	22.3998	0.0	375000.0	3426.98	0.3
115.021632	1200	20.9754	1.42434	600000.0	5424.34	-5.374662
118.456212	750	21.5409	0.0	375000.0	3434.58	0.3
121.883672	750	22.1134	0.0	375000.0	3427.46	0.75
125.000112	750	22.997	0.0	375000.0	3116.44	0.75
130.262462	1200	21.7346	1.26235	600000.0	5262.35	-4.678105
133.764842	750	22.2322	0.0	375000.0	3502.38	0.3
137.069952	750	22.9271	0.0	375000.0	3305.11	0.75
142.725812	1200	21.2712	1.65586	600000.0	5655.86	-6.370198
146.025572	750	21.9715	0.0	375000.0	3299.76	0.3
149.589522	750	22.4075	0.0	375000.0	3563.95	0.75
152.828142	750	23.1689	0.0	375000.0	3238.62	0.75
161.103562	1850	18.8935	4.27542	925000.0	8275.42	-17.634306000000002
169.552542	1850	14.4445	4.44898	925000.0	8448.98	-17.280613999999996
178.200712	1850	9.79635	4.64817	925000.0	8648.17	-18.137131
185.877722	1850	6.11934	3.67701	925000.0	7677.01	-13.961143

