0.489432	300	3.50761	0.0	22500.0	489.432	0.3
1.868892	300	6.12815	0.0	150000.0	1379.46	0.3
3.234552	300	8.7625	0.0	150000.0	1365.66	0.3
4.630602	300	11.3664	0.0	150000.0	1396.05	0.3
6.047912	300	13.9491	0.0	150000.0	1417.31	0.3
7.428722	300	16.5683	0.0	150000.0	1380.81	0.3
10.654242	750	17.3428	0.0	375000.0	3225.52	0.3
13.958132	750	18.0389	0.0	375000.0	3303.89	0.75
17.243772	750	18.7533	0.0	375000.0	3285.64	0.75
22.793872	1200	17.2032	1.5501	600000.0	5550.1	-5.91543
28.400222	1200	15.5968	1.60635	600000.0	5606.35	-5.707304999999999
33.651362	1200	14.3457	1.25114	600000.0	5251.14	-4.179901999999999
39.170652	1200	12.8264	1.51929	600000.0	5519.29	-5.332947
44.655552	1200	11.3415	1.4849	600000.0	5484.9	-5.18507
50.622312	1200	9.37474	1.96676	600000.0	5966.76	-7.257067999999999
56.172012	1200	7.82504	1.5497	600000.0	5549.7	-5.46371
61.388172	1200	6.60888	1.21616	600000.0	5216.16	-4.029487999999999
66.474392	1200	5.52266	1.08622	600000.0	5086.22	-3.470745999999999
70.047572	750	5.94949	0.0	375000.0	3573.18	0.3
73.451632	750	6.54543	0.0	375000.0	3404.06	0.75
76.923492	750	7.07357	0.0	375000.0	3471.86	0.75
80.460912	750	7.53615	0.0	375000.0	3537.42	0.75
83.656112	750	8.34095	0.0	375000.0	3195.2	0.75
87.023182	750	8.97388	0.0	375000.0	3367.07	0.75
90.530972	750	9.46609	0.0	375000.0	3507.79	0.75
93.758712	750	10.2384	0.0	375000.0	3227.74	0.75
97.312692	750	10.6844	0.0	375000.0	3553.98	0.75
100.802872	750	11.1942	0.0	375000.0	3490.18	0.75
104.161772	750	11.8353	0.0	375000.0	3358.9	0.75
107.576302	750	12.4208	0.0	375000.0	3414.53	0.75
110.797052	750	13.2	0.0	375000.0	3220.75	0.75
116.083352	1200	11.9137	1.2863	600000.0	5286.3	-4.78109
121.525082	1200	10.472	1.44173	600000.0	5441.73	-4.999439
126.949422	1200	9.04765	1.42434	600000.0	5424.34	-4.924662
132.394552	1200	7.60252	1.44513	600000.0	5445.13	-5.014059
137.832852	1200	6.16422	1.4383	600000.0	5438.3	-4.98469
142.769642	1200	5.22743	0.936792	600000.0	4936.79	-2.8282055999999995
146.085172	750	5.9119	0.0	375000.0	3315.53	0.3
149.587122	750	6.40995	0.0	375000.0	3501.95	0.75
152.892232	750	7.10483	0.0	375000.0	3305.11	0.75
156.459072	750	7.53799	0.0	375000.0	3566.84	0.75
159.758832	750	8.23823	0.0	375000.0	3299.76	0.75
163.322782	750	8.67428	0.0	375000.0	3563.95	0.75
166.561402	750	9.43567	0.0	375000.0	3238.62	0.75
169.964502	750	10.0326	0.0	375000.0	3403.1	0.75
175.479242	1200	8.51783	1.51474	600000.0	5514.74	-5.763382
181.114452	1200	6.88262	1.63521	600000.0	5635.21	-5.831403
186.126332	1200	5.87074	1.01188	600000.0	5011.88	-3.151083999999999

