0.489432	300	3.50761	0.0	22500.0	489.432	0.3
1.868892	300	6.12815	0.0	150000.0	1379.46	0.3
3.234552	300	8.7625	0.0	150000.0	1365.66	0.3
4.630602	300	11.3664	0.0	150000.0	1396.05	0.3
6.047912	300	13.9491	0.0	150000.0	1417.31	0.3
9.417182	750	14.5799	0.0	375000.0	3369.27	0.3
12.642272	750	15.3548	0.0	375000.0	3225.09	0.75
15.946162	750	16.0509	0.0	375000.0	3303.89	0.75
19.231802	750	16.7652	0.0	375000.0	3285.64	0.75
22.731292	750	17.2658	0.0	375000.0	3499.49	0.75
26.262272	750	17.7348	0.0	375000.0	3530.98	0.75
29.574252	750	18.4228	0.0	375000.0	3311.98	0.75
33.052332	750	18.9447	0.0	375000.0	3478.08	0.75
36.508552	750	19.4885	0.0	375000.0	3456.22	0.75
40.266272	750	19.7308	0.0	375000.0	3757.72	0.75
43.761492	750	20.2356	0.0	375000.0	3495.22	0.75
47.050062	750	20.947	0.0	375000.0	3288.57	0.75
50.261362	750	21.7357	0.0	375000.0	3211.3	0.75
53.834972	750	22.1621	0.0	375000.0	3573.61	0.75
57.239032	750	22.758	0.0	375000.0	3404.06	0.75
60.710892	750	23.2862	0.0	375000.0	3471.86	0.75
64.248312	750	23.7488	0.0	375000.0	3537.42	0.75
67.443512	750	24.5536	0.0	375000.0	3195.2	0.75
70.810582	750	25.1865	0.0	375000.0	3367.07	0.75
74.318372	750	25.6787	0.0	375000.0	3507.79	0.75
77.546112	750	26.451	0.0	375000.0	3227.74	0.75
81.100092	750	26.897	0.0	375000.0	3553.98	0.75
89.590312	1850	22.4068	4.49022	925000.0	8490.22	-18.557945999999998
97.749012	1850	18.2481	4.1587	925000.0	8158.7	-16.032409999999995
106.044472	1850	13.9526	4.29546	925000.0	8295.46	-16.620478
113.877422	1850	10.1196	3.83295	925000.0	7832.95	-14.631685
117.209622	750	10.7874	0.0	375000.0	3332.2	-0.3500000000000001
120.636602	750	11.3605	0.0	375000.0	3426.98	0.75
124.054622	750	11.9424	0.0	375000.0	3418.02	0.75
127.489642	750	12.5074	0.0	375000.0	3435.02	0.75
130.917102	750	13.08	0.0	375000.0	3427.46	0.75
134.033542	750	13.9635	0.0	375000.0	3116.44	0.75
137.349072	750	14.648	0.0	375000.0	3315.53	0.75
140.851022	750	15.146	0.0	375000.0	3501.95	0.75
144.156132	750	15.8409	0.0	375000.0	3305.11	0.75
147.722972	750	16.2741	0.0	375000.0	3566.84	0.75
151.022732	750	16.9743	0.0	375000.0	3299.76	0.75
154.586682	750	17.4104	0.0	375000.0	3563.95	0.75
157.825302	750	18.1718	0.0	375000.0	3238.62	0.75
161.228402	750	18.7687	0.0	375000.0	3403.1	0.75
164.702812	750	19.2943	0.0	375000.0	3474.41	0.75
168.252432	750	19.7446	0.0	375000.0	3549.62	0.75
171.415172	750	20.5819	0.0	375000.0	3162.74	0.75

