0.370492	0.0607300562495
1.06522	0.0551550332608
1.753048	0.0679614337492
2.456072	0.0766311995391
4.190672	0.0831279979012
5.880092	0.126293950213
8.440752	0.140897235911
12.464152	0.15343187972
16.461292	0.162901502498
20.721462	0.167189127216
25.024882	0.209814137815
31.200002	0.212889961291
37.699802	0.210885126253
44.157042	0.20893130638
51.187742	0.199791557246
55.447762	0.200199737942
59.446972	0.200286490652
63.348762	0.203325577862
67.705642	0.201730947737
71.852802	0.206993970321
76.082662	0.20729651301
80.392782	0.204219498617
84.276992	0.205997669991
88.373432	0.208593498243
92.646782	0.20732763122
96.568512	0.210446069704
100.895572	0.210272193055
105.145462	0.209674055433
109.229812	0.209795599024
113.382542	0.211015980874
117.304022	0.211197164139
121.357982	0.214359586257
125.532872	0.215148159644
129.695012	0.214330362831
133.878052	0.214013398126
138.052572	0.218010722537
141.837102	0.207573075424
145.873452	0.208986858801
150.138832	0.207931488361
154.160372	0.209587163618
158.503252	0.207861739579
162.518052	0.208886825168
166.860832	0.205836935671
170.799522	0.209091660877
174.942232	0.207872538212
179.171722	0.210775880987
183.500802	0.20761887612
187.344302	0.20827032445

