0.370492	300	3.62303	0.0	22500.0	370.492	0.3
1.06522	300	6.9283	0.0	150000.0	694.728	0.3
1.753048	300	10.2405	0.0	150000.0	687.828	0.3
4.462678	1200	11.5308	0.0	600000.0	2709.63	0.29999999999999993
8.678968	1850	11.3146	0.216292	925000.0	4216.29	0.2699444000000001
12.778848	1850	11.2147	0.0998759	925000.0	4099.88	1.42053363
16.701888	1850	11.2916	0.0	925000.0	3923.04	1.85
20.725288	1850	11.2682	0.0233959	925000.0	4023.4	1.74939763
24.722428	1850	11.2711	0.0	925000.0	3997.14	1.85
28.982598	1850	11.0109	0.260168	925000.0	4260.17	0.7312776000000001
33.286018	1850	10.7075	0.303416	925000.0	4303.42	0.5453112
35.916808	1200	12.0767	0.0	600000.0	2630.79	0.5499999999999999
40.152718	1850	11.8408	0.235908	925000.0	4235.91	0.18559559999999997
44.361708	1850	11.6318	0.208988	925000.0	4208.99	0.9513516000000001
48.942928	1850	11.0506	0.581216	925000.0	4581.22	-0.6492287999999995
53.203168	1850	10.7904	0.260236	925000.0	4260.24	0.7309852000000001
55.816248	1200	12.1773	0.0	600000.0	2613.08	0.5499999999999999
59.718248	1850	12.2753	0.0	925000.0	3902.0	1.2000000000000002
64.075128	1850	11.9184	0.35688	925000.0	4356.88	0.31541600000000036
68.222288	1850	11.7713	0.147164	925000.0	4147.16	1.2171948000000001
72.452148	1850	11.5414	0.22986	925000.0	4229.86	0.8616020000000001
76.762268	1850	11.2313	0.31012	925000.0	4310.12	0.5164840000000002
80.646478	1850	11.3471	0.0	925000.0	3884.21	1.85
84.742918	1850	11.2506	0.0964399	925000.0	4096.44	1.43530843
89.016268	1850	10.9773	0.273348	925000.0	4273.35	0.6746036000000002
91.578948	1200	12.4146	0.0	600000.0	2562.68	0.5499999999999999
95.905788	1850	12.0878	0.326844	925000.0	4326.84	-0.20542919999999987
100.155678	1850	11.8379	0.249892	925000.0	4249.89	0.7754644000000002
104.240028	1850	11.7535	0.0843519	925000.0	4084.35	1.4872868300000002
108.392758	1850	11.6008	0.152732	925000.0	4152.73	1.1932524
112.314238	1850	11.6793	0.0	925000.0	3921.48	1.85
116.368198	1850	11.6253	0.0539599	925000.0	4053.96	1.61797243
120.543088	1850	11.4505	0.174892	925000.0	4174.89	1.0979644000000002
124.705228	1850	11.2883	0.162136	925000.0	4162.14	1.1528152
128.888268	1850	11.1053	0.183044	925000.0	4183.04	1.0629108
133.062788	1850	10.9308	0.17452	925000.0	4174.52	1.099564
135.535968	1200	12.4576	0.0	600000.0	2473.18	0.5499999999999999
139.572108	1850	12.4214	0.0361359	925000.0	4036.14	1.04461563
143.837488	1850	12.1561	0.265376	925000.0	4265.38	0.7088832
147.859028	1850	12.1345	0.0215359	925000.0	4021.54	1.75739563
152.201908	1850	11.7916	0.34288	925000.0	4342.88	0.37561600000000017
156.216708	1850	11.7768	0.0148039	925000.0	4014.8	1.7863432300000002
160.559488	1850	11.4341	0.34278	925000.0	4342.78	0.3760460000000003
164.498178	1850	11.4954	0.0	925000.0	3938.69	1.85
168.640888	1850	11.3527	0.142712	925000.0	4142.71	1.2363384000000002
172.870378	1850	11.1232	0.229488	925000.0	4229.49	0.8632016000000001
177.199458	1850	10.7941	0.329084	925000.0	4329.08	0.4349388000000003
179.710398	1200	12.2831	0.0	600000.0	2510.94	0.5499999999999999

