0.370492	300	3.62303	0.0	22500.0	370.492	0.3
1.06522	300	6.9283	0.0	150000.0	694.728	0.3
1.753048	300	10.2405	0.0	150000.0	687.828	0.3
2.456072	300	13.5374	0.0	150000.0	703.024	0.3
4.190672	750	15.8028	0.0	375000.0	1734.6	0.3
5.880092	750	18.1134	0.0	375000.0	1689.42	0.75
8.440752	1200	19.5528	0.0	600000.0	2560.66	0.75
12.464152	1850	19.5294	0.0233959	925000.0	4023.4	1.09939763
16.461292	1850	19.5322	0.0	925000.0	3997.14	1.85
20.721462	1850	19.2721	0.260168	925000.0	4260.17	0.7312776000000001
25.024882	1850	18.9686	0.303416	925000.0	4303.42	0.5453112
31.200002	2850	16.7935	2.17512	1425000.0	6175.12	-7.503016000000001
37.699802	2850	14.2937	2.4998	1425000.0	6499.8	-7.899139999999999
44.157042	2850	11.8365	2.45724	1425000.0	6457.24	-7.716132
51.187742	2850	8.80579	3.0307	1425000.0	7030.7	-10.18201
55.447762	1850	8.54577	0.26002	925000.0	4260.02	-0.2680859999999998
59.446972	1850	8.54657	0.0	925000.0	3999.21	1.85
63.348762	1850	8.64478	0.0	925000.0	3901.79	1.85
67.705642	1850	8.2879	0.35688	925000.0	4356.88	0.31541600000000036
71.852802	1850	8.14073	0.147164	925000.0	4147.16	1.2171948000000001
76.082662	1850	7.91087	0.22986	925000.0	4229.86	0.8616020000000001
80.392782	1850	7.60075	0.31012	925000.0	4310.12	0.5164840000000002
84.276992	1850	7.71655	0.0	925000.0	3884.21	1.85
88.373432	1850	7.62011	0.0964399	925000.0	4096.44	1.43530843
92.646782	1850	7.34676	0.273348	925000.0	4273.35	0.6746036000000002
96.568512	1850	7.42503	0.0	925000.0	3921.73	1.85
100.895572	1850	7.09797	0.32706	925000.0	4327.06	0.4436420000000001
105.145462	1850	6.84807	0.249892	925000.0	4249.89	0.7754644000000002
109.229812	1850	6.76372	0.0843519	925000.0	4084.35	1.4872868300000002
113.382542	1850	6.61099	0.152732	925000.0	4152.73	1.1932524
117.304022	1850	6.68951	0.0	925000.0	3921.48	1.85
121.357982	1850	6.63555	0.0539599	925000.0	4053.96	1.61797243
125.532872	1850	6.46066	0.174892	925000.0	4174.89	1.0979644000000002
129.695012	1850	6.29853	0.162136	925000.0	4162.14	1.1528152
133.878052	1850	6.11548	0.183044	925000.0	4183.04	1.0629108
138.052572	1850	5.94096	0.17452	925000.0	4174.52	1.099564
141.837102	1850	6.15643	0.0	925000.0	3784.53	1.85
145.873452	1850	6.12008	0.0363519	925000.0	4036.35	1.69368683
150.138832	1850	5.85471	0.265376	925000.0	4265.38	0.7088832
154.160372	1850	5.83317	0.0215359	925000.0	4021.54	1.75739563
158.503252	1850	5.49029	0.34288	925000.0	4342.88	0.37561600000000017
162.518052	1850	5.47549	0.0148039	925000.0	4014.8	1.7863432300000002
166.860832	1850	5.13271	0.34278	925000.0	4342.78	0.3760460000000003
170.799522	1850	5.19402	0.0	925000.0	3938.69	1.85
174.942232	1850	5.0513	0.142712	925000.0	4142.71	1.2363384000000002
179.171722	1850	4.82182	0.229488	925000.0	4229.49	0.8632016000000001
183.500802	1850	4.49273	0.329084	925000.0	4329.08	0.4349388000000003
187.344302	1850	4.64923	0.0	925000.0	3843.5	1.85

