0.370492	300	3.62303	0.0	22500.0	370.492	0.3
1.06522	300	6.9283	0.0	150000.0	694.728	0.3
2.7371	750	9.25642	0.0	375000.0	1671.88	0.3
4.44666	750	11.5469	0.0	375000.0	1709.56	0.75
6.18126	750	13.8123	0.0	375000.0	1734.6	0.75
8.85696	1200	15.1366	0.0	600000.0	2675.7	0.75
12.78	1850	15.2135	0.0	925000.0	3923.04	1.2000000000000002
16.8034	1850	15.1901	0.0233959	925000.0	4023.4	1.74939763
20.80054	1850	15.193	0.0	925000.0	3997.14	1.85
27.33562	2850	12.6579	2.53508	1425000.0	6535.08	-9.050844
33.93428	2850	10.0593	2.59866	1425000.0	6598.66	-8.324238000000001
40.1094	2850	7.88413	2.17512	1425000.0	6175.12	-6.503016000000001
46.6092	2850	5.38433	2.4998	1425000.0	6499.8	-7.899139999999999
50.81819	1850	5.17534	0.208988	925000.0	4208.99	-0.048648399999999925
55.39941	1850	4.59412	0.581216	925000.0	4581.22	-0.6492287999999995
59.65965	1850	4.33389	0.260236	925000.0	4260.24	0.7309852000000001
63.65886	1850	4.33468	0.0	925000.0	3999.21	1.85
67.56065	1850	4.43289	0.0	925000.0	3901.79	1.85
71.91753	1850	4.07601	0.35688	925000.0	4356.88	0.31541600000000036
76.06469	1850	3.92885	0.147164	925000.0	4147.16	1.2171948000000001
80.29455	1850	3.69899	0.22986	925000.0	4229.86	0.8616020000000001
84.60467	1850	3.38887	0.31012	925000.0	4310.12	0.5164840000000002
88.48888	1850	3.50466	0.0	925000.0	3884.21	1.85
92.58532	1850	3.40822	0.0964399	925000.0	4096.44	1.43530843
96.85867	1850	3.13487	0.273348	925000.0	4273.35	0.6746036000000002
100.7804	1850	3.21314	0.0	925000.0	3921.73	1.85
105.10746	1850	2.88608	0.32706	925000.0	4327.06	0.4436420000000001
109.35735	1850	2.63619	0.249892	925000.0	4249.89	0.7754644000000002
113.4417	1850	2.55184	0.0843519	925000.0	4084.35	1.4872868300000002
117.59443	1850	2.39911	0.152732	925000.0	4152.73	1.1932524
121.51591	1850	2.47763	0.0	925000.0	3921.48	1.85
125.56987	1850	2.42367	0.0539599	925000.0	4053.96	1.61797243
129.74476	1850	2.24878	0.174892	925000.0	4174.89	1.0979644000000002
133.9069	1850	2.08664	0.162136	925000.0	4162.14	1.1528152
138.08994	1850	1.9036	0.183044	925000.0	4183.04	1.0629108
142.26446	1850	1.72908	0.17452	925000.0	4174.52	1.099564
146.04899	1850	1.94455	0.0	925000.0	3784.53	1.85
150.08534	1850	1.9082	0.0363519	925000.0	4036.35	1.69368683
154.35072	1850	1.64282	0.265376	925000.0	4265.38	0.7088832
158.37226	1850	1.62129	0.0215359	925000.0	4021.54	1.75739563
162.71514	1850	1.27841	0.34288	925000.0	4342.88	0.37561600000000017
166.72994	1850	1.2636	0.0148039	925000.0	4014.8	1.7863432300000002
171.07272	1850	0.920823	0.34278	925000.0	4342.78	0.3760460000000003
175.01141	1850	0.982131	0.0	925000.0	3938.69	1.85
179.15412	1850	0.839419	0.142712	925000.0	4142.71	1.2363384000000002
183.38361	1850	0.609932	0.229488	925000.0	4229.49	0.8632016000000001
187.71269	1850	0.280848	0.329084	925000.0	4329.08	0.4349388000000003
188.367202	300	3.62634	0.0	150000.0	654.512	-1.25

