0.370492	300	3.62303	0.0	22500.0	370.492	0.3
1.06522	300	6.9283	0.0	150000.0	694.728	0.3
1.753048	300	10.2405	0.0	150000.0	687.828	0.3
3.462608	750	12.5309	0.0	375000.0	1709.56	0.3
5.197208	750	14.7963	0.0	375000.0	1734.6	0.75
6.886628	750	17.1069	0.0	375000.0	1689.42	0.75
8.504168	750	19.4893	0.0	375000.0	1617.54	0.75
12.527568	1850	19.4659	0.0233959	925000.0	4023.4	0.64939763
16.524708	1850	19.4688	0.0	925000.0	3997.14	1.85
20.784878	1850	19.2086	0.260168	925000.0	4260.17	0.7312776000000001
25.088298	1850	18.9052	0.303416	925000.0	4303.42	0.5453112
29.115968	1850	18.8776	0.0276679	925000.0	4027.67	1.73102803
33.351658	1850	18.6419	0.235692	925000.0	4235.69	0.8365244000000001
37.560648	1850	18.4329	0.208988	925000.0	4208.99	0.9513516000000001
42.141868	1850	17.8517	0.581216	925000.0	4581.22	-0.6492287999999995
46.402108	1850	17.5914	0.260236	925000.0	4260.24	0.7309852000000001
50.401318	1850	17.5922	0.0	925000.0	3999.21	1.85
54.303108	1850	17.6904	0.0	925000.0	3901.79	1.85
58.659988	1850	17.3335	0.35688	925000.0	4356.88	0.31541600000000036
62.807148	1850	17.1864	0.147164	925000.0	4147.16	1.2171948000000001
67.037008	1850	16.9565	0.22986	925000.0	4229.86	0.8616020000000001
71.347128	1850	16.6464	0.31012	925000.0	4310.12	0.5164840000000002
75.231338	1850	16.7622	0.0	925000.0	3884.21	1.85
79.327778	1850	16.6658	0.0964399	925000.0	4096.44	1.43530843
83.601128	1850	16.3924	0.273348	925000.0	4273.35	0.6746036000000002
87.522858	1850	16.4707	0.0	925000.0	3921.73	1.85
91.849918	1850	16.1436	0.32706	925000.0	4327.06	0.4436420000000001
96.099808	1850	15.8937	0.249892	925000.0	4249.89	0.7754644000000002
100.184158	1850	15.8094	0.0843519	925000.0	4084.35	1.4872868300000002
104.336888	1850	15.6566	0.152732	925000.0	4152.73	1.1932524
108.258368	1850	15.7352	0.0	925000.0	3921.48	1.85
112.312328	1850	15.6812	0.0539599	925000.0	4053.96	1.61797243
116.487218	1850	15.5063	0.174892	925000.0	4174.89	1.0979644000000002
120.649358	1850	15.3442	0.162136	925000.0	4162.14	1.1528152
124.832398	1850	15.1611	0.183044	925000.0	4183.04	1.0629108
129.006918	1850	14.9866	0.17452	925000.0	4174.52	1.099564
132.791448	1850	15.2021	0.0	925000.0	3784.53	1.85
136.827798	1850	15.1657	0.0363519	925000.0	4036.35	1.69368683
141.093178	1850	14.9004	0.265376	925000.0	4265.38	0.7088832
145.114718	1850	14.8788	0.0215359	925000.0	4021.54	1.75739563
149.457598	1850	14.5359	0.34288	925000.0	4342.88	0.37561600000000017
153.472398	1850	14.5211	0.0148039	925000.0	4014.8	1.7863432300000002
157.815178	1850	14.1784	0.34278	925000.0	4342.78	0.3760460000000003
161.753868	1850	14.2397	0.0	925000.0	3938.69	1.85
165.896578	1850	14.097	0.142712	925000.0	4142.71	1.2363384000000002
170.126068	1850	13.8675	0.229488	925000.0	4229.49	0.8632016000000001
174.455148	1850	13.5384	0.329084	925000.0	4329.08	0.4349388000000003
178.298648	1850	13.6949	0.0	925000.0	3843.5	1.85

