0.409621	300	3.58507	0.0	22500.0	409.621	0.3
1.332591	300	6.6621	0.0	150000.0	922.97	0.3
2.246361	300	9.74833	0.0	150000.0	913.77	0.3
4.522441	750	11.4722	0.0	375000.0	2276.08	0.3
6.831911	750	13.1628	0.0	375000.0	2309.47	0.75
9.081141	750	14.9135	0.0	375000.0	2249.23	0.75
11.234531	750	16.7602	0.0	375000.0	2153.39	0.75
13.440451	750	18.5542	0.0	375000.0	2205.92	0.75
15.634211	750	20.3605	0.0	375000.0	2193.76	0.75
17.970531	750	22.0241	0.0	375000.0	2336.32	0.75
20.327851	750	23.6668	0.0	375000.0	2357.32	0.75
25.694451	1850	22.3002	1.3666	925000.0	5366.6	-5.126379999999999
31.338701	1850	20.656	1.64425	925000.0	5644.25	-5.220274999999999
36.947351	1850	19.0473	1.60865	925000.0	5608.65	-5.067195
43.052301	1850	16.9424	2.10495	925000.0	6104.95	-7.201285
48.729281	1850	15.2654	1.67698	925000.0	5676.98	-5.361013999999999
54.058221	1850	13.9364	1.32894	925000.0	5328.94	-3.864442
59.257271	1850	12.7374	1.19905	925000.0	5199.05	-3.3059149999999993
65.063111	1850	10.9316	1.80584	925000.0	5805.84	-5.915111999999999
70.589331	1850	9.40534	1.52622	925000.0	5526.22	-4.712745999999999
72.907531	750	11.0871	0.0	375000.0	2318.2	-0.3500000000000001
75.269141	750	12.7255	0.0	375000.0	2361.61	0.75
77.402611	750	14.5921	0.0	375000.0	2133.47	0.75
79.650661	750	16.344	0.0	375000.0	2248.05	0.75
81.992521	750	18.0022	0.0	375000.0	2341.86	0.75
84.147681	750	19.847	0.0	375000.0	2155.16	0.75
86.520331	750	21.4743	0.0	375000.0	2372.65	0.75
92.183811	1850	19.8109	1.66348	925000.0	5663.48	-6.402963999999999
97.626281	1850	18.3684	1.44247	925000.0	5442.47	-4.352620999999999
103.159921	1850	16.8348	1.53364	925000.0	5533.64	-4.7446519999999985
108.385221	1850	15.6095	1.2253	925000.0	5225.3	-3.41879
113.787171	1850	14.2075	1.40195	925000.0	5401.95	-4.1783850000000005
119.350361	1850	12.6443	1.56319	925000.0	5563.19	-4.871717
124.896541	1850	11.0981	1.54618	925000.0	5546.18	-4.798574
130.470601	1850	9.52409	1.57406	925000.0	5574.06	-4.918457999999999
132.759201	750	11.2355	0.0	375000.0	2288.6	-0.3500000000000001
134.840161	750	13.1545	0.0	375000.0	2080.96	0.75
137.053841	750	14.9409	0.0	375000.0	2213.68	0.75
139.391811	750	16.6029	0.0	375000.0	2337.97	0.75
141.598551	750	18.3961	0.0	375000.0	2206.74	0.75
143.979781	750	20.0149	0.0	375000.0	2381.23	0.75
146.182951	750	21.8117	0.0	375000.0	2203.17	0.75
148.562251	750	23.4324	0.0	375000.0	2379.3	0.75
153.810501	1850	22.1842	1.24825	925000.0	5248.25	-4.617475
159.330781	1850	20.6639	1.52028	925000.0	5520.28	-4.6872039999999995
164.966761	1850	19.0279	1.63598	925000.0	5635.98	-5.184714
170.735541	1850	17.2591	1.76878	925000.0	5768.78	-5.755754
175.856881	1850	16.1378	1.12134	925000.0	5121.34	-2.9717619999999996

