0.409621	0.0549288244499
1.332591	0.0494019572823
2.246361	0.0592781197365
3.180393	0.065618881322
5.489863	0.070230902052
7.739093	0.0982225827
11.149973	0.110534756283
14.649193	0.120606002039
18.127593	0.127722680511
21.830703	0.130459995556
25.571603	0.156937171948
29.075703	0.158283415649
32.758563	0.156678325773
36.418503	0.155123270106
40.399673	0.148452674376
46.076653	0.148922118607
51.405593	0.149305175135
56.604643	0.151859087241
62.410483	0.150977379267
67.936703	0.15455241456
73.573183	0.15478005684
79.316673	0.152481182251
84.492283	0.154584236607
89.950873	0.156533351205
95.645333	0.155582919119
99.058903	0.15771103
102.820253	0.157392856048
106.515273	0.156224436013
110.067553	0.156124635352
113.678533	0.156840826631
117.087943	0.156877015904
120.615763	0.159840910439
124.246913	0.160416663102
127.866473	0.159810287373
131.499893	0.159609060146
135.128763	0.162769116911
138.423293	0.154995331901
141.934863	0.156043183223
145.643363	0.155262479696
149.140913	0.156458301316
152.915113	0.155179900468
156.406303	0.155950814252
160.180543	0.153705701963
163.607123	0.156117931446
169.127693	0.155396817342
174.763673	0.157710975796
180.532453	0.155535905005
185.653793	0.155781585629

