0.409621	300	3.58507	0.0	22500.0	409.621	0.3
1.332591	300	6.6621	0.0	150000.0	922.97	0.3
2.246361	300	9.74833	0.0	150000.0	913.77	0.3
3.180393	300	12.8143	0.0	150000.0	934.032	0.3
5.489863	750	14.5048	0.0	375000.0	2309.47	0.3
7.739093	750	16.2556	0.0	375000.0	2249.23	0.75
11.149973	1200	16.8447	0.0	600000.0	3410.88	0.75
14.649193	1200	17.3455	0.0	600000.0	3499.22	1.2
18.127593	1200	17.8671	0.0	600000.0	3478.4	1.2
21.830703	1200	18.164	0.0	600000.0	3703.11	1.2
25.571603	1200	18.4231	0.0	600000.0	3740.9	1.2
29.075703	1200	18.919	0.0	600000.0	3504.1	1.2
32.758563	1200	19.2361	0.0	600000.0	3682.86	1.2
36.418503	1200	19.5762	0.0	600000.0	3659.94	1.2
40.399673	1200	19.595	0.0	600000.0	3981.17	1.2
46.076653	1850	17.9181	1.67698	925000.0	5676.98	-6.011013999999999
51.405593	1850	16.5891	1.32894	925000.0	5328.94	-3.864442
56.604643	1850	15.3901	1.19905	925000.0	5199.05	-3.3059149999999993
62.410483	1850	13.5842	1.80584	925000.0	5805.84	-5.915111999999999
67.936703	1850	12.058	1.52622	925000.0	5526.22	-4.712745999999999
73.573183	1850	10.4215	1.63648	925000.0	5636.48	-5.186864
79.316673	1850	8.67803	1.74349	925000.0	5743.49	-5.647007
84.492283	1850	7.50242	1.17561	925000.0	5175.61	-3.205123
89.950873	1850	6.04384	1.45859	925000.0	5458.59	-4.421937
95.645333	1850	4.34938	1.69446	925000.0	5694.46	-5.436178
99.058903	1200	4.93581	0.0	600000.0	3413.57	0.5499999999999999
102.820253	1200	5.17446	0.0	600000.0	3761.35	1.2
106.515273	1200	5.47944	0.0	600000.0	3695.02	1.2
110.067553	1200	5.92716	0.0	600000.0	3552.28	1.2
113.678533	1200	6.31618	0.0	600000.0	3610.98	1.2
117.087943	1200	6.90677	0.0	600000.0	3409.41	1.2
120.615763	1200	7.37895	0.0	600000.0	3527.82	1.2
124.246913	1200	7.7478	0.0	600000.0	3631.15	1.2
127.866473	1200	8.12824	0.0	600000.0	3619.56	1.2
131.499893	1200	8.49482	0.0	600000.0	3633.42	1.2
135.128763	1200	8.86595	0.0	600000.0	3628.87	1.2
138.423293	1200	9.57142	0.0	600000.0	3294.53	1.2
141.934863	1200	10.0599	0.0	600000.0	3511.57	1.2
145.643363	1200	10.3514	0.0	600000.0	3708.5	1.2
149.140913	1200	10.8538	0.0	600000.0	3497.55	1.2
152.915113	1200	11.0796	0.0	600000.0	3774.2	1.2
156.406303	1200	11.5884	0.0	600000.0	3491.19	1.2
160.180543	1200	11.8142	0.0	600000.0	3774.24	1.2
163.607123	1200	12.3876	0.0	600000.0	3426.58	1.2
169.127693	1850	10.867	1.52057	925000.0	5520.57	-5.338450999999999
174.763673	1850	9.23104	1.63598	925000.0	5635.98	-5.184714
180.532453	1850	7.46226	1.76878	925000.0	5768.78	-5.755754
185.653793	1850	6.34093	1.12134	925000.0	5121.34	-2.9717619999999996

