0.409621	300	3.58507	0.0	22500.0	409.621	0.3
1.332591	300	6.6621	0.0	150000.0	922.97	0.3
2.246361	300	9.74833	0.0	150000.0	913.77	0.3
5.855861	1200	10.1388	0.0	600000.0	3609.5	0.29999999999999993
9.519981	1200	10.4747	0.0	600000.0	3664.12	1.2
13.084241	1200	10.9105	0.0	600000.0	3564.26	1.2
16.495121	1200	11.4996	0.0	600000.0	3410.88	1.2
21.856311	1850	10.1384	1.36119	925000.0	5361.19	-4.653117
25.334421	1200	10.6603	0.0	600000.0	3478.11	0.5499999999999999
29.037531	1200	10.9572	0.0	600000.0	3703.11	1.2
32.778431	1200	11.2163	0.0	600000.0	3740.9	1.2
38.145031	1850	9.84966	1.3666	925000.0	5366.6	-4.67638
41.827601	1200	10.1671	0.0	600000.0	3682.57	0.5499999999999999
45.487541	1200	10.5072	0.0	600000.0	3659.94	1.2
49.468711	1200	10.526	0.0	600000.0	3981.17	1.2
53.171841	1200	10.8228	0.0	600000.0	3703.13	1.2
56.652611	1200	11.3421	0.0	600000.0	3480.77	1.2
61.851951	1850	10.1427	1.19934	925000.0	5199.34	-3.9571620000000003
65.638161	1200	10.3565	0.0	600000.0	3786.21	0.5499999999999999
69.243941	1200	10.7508	0.0	600000.0	3605.78	1.2
72.922521	1200	11.0722	0.0	600000.0	3678.58	1.2
78.666011	1850	9.32868	1.74349	925000.0	5743.49	-6.297007000000001
82.046391	1200	9.9483	0.0	600000.0	3380.38	0.5499999999999999
85.612051	1200	10.3826	0.0	600000.0	3565.66	1.2
89.328261	1200	10.6664	0.0	600000.0	3716.21	1.2
92.742121	1200	11.2526	0.0	600000.0	3413.86	1.2
98.507911	1850	9.48678	1.76579	925000.0	5765.79	-6.392897
102.202651	1200	9.79205	0.0	600000.0	3694.74	0.5499999999999999
105.754931	1200	10.2398	0.0	600000.0	3552.28	1.2
109.365911	1200	10.6288	0.0	600000.0	3610.98	1.2
112.775321	1200	11.2194	0.0	600000.0	3409.41	1.2
118.177551	1850	9.81715	1.40223	925000.0	5402.23	-4.829589
121.808991	1200	10.1857	0.0	600000.0	3631.44	0.5499999999999999
125.428551	1200	10.5661	0.0	600000.0	3619.56	1.2
129.061971	1200	10.9327	0.0	600000.0	3633.42	1.2
132.690841	1200	11.3039	0.0	600000.0	3628.87	1.2
137.733831	1850	10.2609	1.04299	925000.0	5042.99	-3.2848569999999997
141.245691	1200	10.749	0.0	600000.0	3511.86	0.5499999999999999
144.954191	1200	11.0405	0.0	600000.0	3708.5	1.2
150.312901	1850	9.6818	1.35871	925000.0	5358.71	-4.642453
154.086811	1200	9.90789	0.0	600000.0	3773.91	0.5499999999999999
157.578001	1200	10.4167	0.0	600000.0	3491.19	1.2
161.352241	1200	10.6425	0.0	600000.0	3774.24	1.2
164.778821	1200	11.2159	0.0	600000.0	3426.58	1.2
170.299391	1850	9.69531	1.52057	925000.0	5520.57	-5.338450999999999
173.978931	1200	10.0158	0.0	600000.0	3679.54	0.5499999999999999
177.739071	1200	10.2556	0.0	600000.0	3760.14	1.2
181.083661	1200	10.911	0.0	600000.0	3344.59	1.2

