0.409621	300	3.58507	0.0	22500.0	409.621	0.3
1.332591	300	6.6621	0.0	150000.0	922.97	0.3
2.246361	300	9.74833	0.0	150000.0	913.77	0.3
3.180393	300	12.8143	0.0	150000.0	934.032	0.3
4.128601	300	15.8661	0.0	150000.0	948.208	0.3
6.378111	750	17.6166	0.0	375000.0	2249.51	0.3
11.605501	1850	16.3892	1.22739	925000.0	5227.39	-4.5277769999999995
16.966691	1850	15.028	1.36119	925000.0	5361.19	-4.003117
22.292871	1850	13.7018	1.32618	925000.0	5326.18	-3.8525739999999993
27.969761	1850	12.0249	1.67689	925000.0	5676.89	-5.360626999999999
33.704311	1850	10.2904	1.73455	925000.0	5734.55	-5.6085650000000005
39.071201	1850	8.92348	1.36689	925000.0	5366.89	-4.027626999999999
44.715451	1850	7.27923	1.64425	925000.0	5644.25	-5.220274999999999
50.324101	1850	5.67058	1.60865	925000.0	5608.65	-5.067195
56.429051	1850	3.56562	2.10495	925000.0	6104.95	-7.201285
57.385957	300	6.60872	0.0	150000.0	956.906	-1.25
59.581957	750	8.41272	0.0	375000.0	2196.0	0.3
60.463493	300	11.5312	0.0	150000.0	881.536	-0.15000000000000002
66.269333	1850	9.72534	1.80584	925000.0	5805.84	-7.465111999999999
71.795553	1850	8.19912	1.52622	925000.0	5526.22	-4.712745999999999
77.432033	1850	6.56265	1.63648	925000.0	5636.48	-5.186864
78.400406	300	9.59427	0.0	150000.0	968.373	-1.25
80.533586	750	11.4611	0.0	375000.0	2133.18	0.3
85.991886	1850	10.0028	1.4583	925000.0	5458.3	-5.520689999999998
91.686346	1850	8.30833	1.69446	925000.0	5694.46	-5.436178
96.911986	1850	7.08269	1.22564	925000.0	5225.64	-3.420252
102.678066	1850	5.31661	1.76608	925000.0	5766.08	-5.744144
105.007896	750	6.98679	0.0	375000.0	2329.83	-0.3500000000000001
105.928685	300	10.066	0.0	150000.0	920.789	-0.15000000000000002
109.539955	1200	10.4547	0.0	600000.0	3611.27	0.29999999999999993
112.949365	1200	11.0453	0.0	600000.0	3409.41	1.2
118.351595	1850	9.64308	1.40223	925000.0	5402.23	-4.829589
123.914785	1850	8.07989	1.56319	925000.0	5563.19	-4.871717
129.460965	1850	6.53371	1.54618	925000.0	5546.18	-4.798574
135.035025	1850	4.95966	1.57406	925000.0	5574.06	-4.918457999999999
137.323625	750	6.67106	0.0	375000.0	2288.6	-0.3500000000000001
138.180377	300	9.81431	0.0	150000.0	856.752	-0.15000000000000002
141.691947	1200	10.3027	0.0	600000.0	3511.57	0.29999999999999993
145.400447	1200	10.5942	0.0	600000.0	3708.5	1.2
150.759157	1850	9.23553	1.35871	925000.0	5358.71	-4.642453
156.546327	1850	7.44835	1.78717	925000.0	5787.17	-5.834830999999999
161.896067	1850	6.09862	1.34974	925000.0	5349.74	-3.9538819999999997
167.683107	1850	4.31158	1.78704	925000.0	5787.04	-5.834271999999999
169.845517	750	6.14917	0.0	375000.0	2162.41	-0.3500000000000001
170.778861	300	9.21582	0.0	150000.0	933.344	-0.15000000000000002
176.414841	1850	7.57984	1.63598	925000.0	5635.98	-6.734713999999999
182.183621	1850	5.81106	1.76878	925000.0	5768.78	-5.755754
187.304961	1850	4.68973	1.12134	925000.0	5121.34	-2.9717619999999996

