0.412404	300	3.5817	0.0	22500.0	412.404	0.3
1.448894	300	6.54521	0.0	150000.0	1036.49	0.3
2.444618	300	9.54948	0.0	150000.0	995.724	0.3
4.997568	750	10.9965	0.0	375000.0	2552.95	0.3
7.040948	750	12.9532	0.0	375000.0	2043.38	0.75
9.951888	750	14.0422	0.0	375000.0	2910.94	0.75
12.451958	750	15.5421	0.0	375000.0	2500.07	0.75
15.035258	750	16.9588	0.0	375000.0	2583.3	0.75
17.540608	750	18.4535	0.0	375000.0	2505.35	0.75
20.139488	750	19.8546	0.0	375000.0	2598.88	0.75
22.625168	750	21.3689	0.0	375000.0	2485.68	0.75
25.184038	750	22.8101	0.0	375000.0	2558.87	0.75
27.642458	750	24.3516	0.0	375000.0	2458.42	0.75
30.499618	750	25.4945	0.0	375000.0	2857.16	0.75
32.970598	750	27.0235	0.0	375000.0	2470.98	0.75
35.528948	750	28.4651	0.0	375000.0	2558.35	0.75
41.877888	1850	26.1162	2.34894	925000.0	6348.94	-9.350442
48.108388	1850	23.8857	2.2305	925000.0	6230.5	-7.741150000000001
54.423068	1850	21.571	2.31468	925000.0	6314.68	-8.103124000000001
60.711918	1850	19.2822	2.28885	925000.0	6288.85	-7.992055000000001
67.020208	1850	16.9739	2.30829	925000.0	6308.29	-8.075647
73.319698	1850	14.6744	2.29949	925000.0	6299.49	-8.037807
79.680758	1850	12.3134	2.36106	925000.0	6361.06	-8.302558000000001
86.130238	1850	9.86387	2.44948	925000.0	6449.48	-8.682763999999999
89.222418	750	10.7717	0.0	375000.0	3092.18	-0.3500000000000001
91.644388	750	12.3497	0.0	375000.0	2421.97	0.75
94.211278	750	13.7828	0.0	375000.0	2566.89	0.75
96.467708	750	15.5264	0.0	375000.0	2256.43	0.75
99.524748	750	16.4694	0.0	375000.0	3057.04	0.75
102.099238	750	17.8949	0.0	375000.0	2574.49	0.75
104.629908	750	19.3642	0.0	375000.0	2530.67	0.75
106.916318	750	21.0778	0.0	375000.0	2286.41	0.75
109.268538	750	22.7256	0.0	375000.0	2352.22	0.75
111.773278	750	24.2208	0.0	375000.0	2504.74	0.75
114.026188	750	25.9679	0.0	375000.0	2252.91	0.75
117.071778	750	26.9223	0.0	375000.0	3045.59	0.75
119.399148	750	28.595	0.0	375000.0	2327.37	0.75
125.795828	1850	26.1983	2.39668	925000.0	6396.68	-9.555724
132.193078	1850	23.801	2.39725	925000.0	6397.25	-8.458175
138.591038	1850	21.4031	2.39796	925000.0	6397.96	-8.461228
144.811568	1850	19.1825	2.22053	925000.0	6220.53	-7.698279000000001
151.062248	1850	16.9319	2.25068	925000.0	6250.68	-7.827923999999999
157.363328	1850	14.6308	2.30108	925000.0	6301.08	-8.044644
162.893288	1850	13.1008	1.52996	925000.0	5529.96	-4.728828
169.269058	1850	10.7251	2.37577	925000.0	6375.77	-8.365811
174.900588	1850	9.09352	1.63153	925000.0	5631.53	-5.165578999999999
181.311948	1850	6.68216	2.41136	925000.0	6411.36	-8.518848
183.813618	750	8.1805	0.0	375000.0	2501.67	-0.3500000000000001

