0.393168	300	3.59976	0.0	22500.0	393.168	0.3
1.374544	300	6.61839	0.0	150000.0	981.376	0.3
2.315658	300	9.67727	0.0	150000.0	941.114	0.3
6.369338	1200	9.62359	0.0536798	600000.0	4053.68	0.0691768599999999
10.421768	1200	9.57116	0.0524318	600000.0	4052.43	0.9745432599999999
14.258098	1200	9.73483	0.0	600000.0	3836.33	1.2
18.397108	1200	9.59582	0.139014	600000.0	4139.01	0.6022398
22.394048	1200	9.59888	0.0	600000.0	3996.94	1.2
26.465658	1200	9.52727	0.0716138	600000.0	4071.61	0.89206066
30.525068	1200	9.46786	0.0594058	600000.0	4059.41	0.9445550599999999
34.475548	1200	9.51738	0.0	600000.0	3950.48	1.2
38.544008	1200	9.44892	0.0684598	600000.0	4068.46	0.90562286
42.474528	1200	9.5184	0.0	600000.0	3930.52	1.2
46.497638	1200	9.49528	0.0231138	600000.0	4023.11	1.10061066
50.536918	1200	9.456	0.0392798	600000.0	4039.28	1.03109686
54.568568	1200	9.42436	0.0316478	600000.0	4031.65	1.06391446
58.645158	1200	9.34777	0.0765878	600000.0	4076.59	0.87067246
62.740608	1200	9.25232	0.0954478	600000.0	4095.45	0.78957446
66.850378	1200	9.14255	0.109772	600000.0	4109.77	0.7279804
70.959218	1200	9.03371	0.108842	600000.0	4108.84	0.7319794
75.090558	1200	8.90237	0.131338	600000.0	4131.34	0.6352465999999999
77.663878	750	10.329	0.0	375000.0	2573.32	0.3
81.648838	1200	10.3441	0.0	600000.0	3984.96	0.75
85.543388	1200	10.4495	0.0	600000.0	3894.55	1.2
89.372108	1200	10.6208	0.0	600000.0	3828.72	1.2
93.367158	1200	10.6258	0.0	600000.0	3995.05	1.2
97.344708	1200	10.6482	0.0	600000.0	3977.55	1.2
101.340398	1200	10.6525	0.0	600000.0	3995.69	1.2
105.243058	1200	10.7499	0.0	600000.0	3902.66	1.2
109.260248	1200	10.7327	0.0171938	600000.0	4017.19	1.12606666
113.238608	1200	10.7543	0.0	600000.0	3978.36	1.2
117.241678	1200	10.7513	0.0030658	600000.0	4003.07	1.1868170599999999
121.269698	1200	10.7232	0.0280178	600000.0	4028.02	1.0795234599999999
125.188428	1200	10.8045	0.0	600000.0	3918.73	1.2
129.335708	1200	10.6572	0.147282	600000.0	4147.28	0.5666874
133.362748	1200	10.6302	0.0270378	600000.0	4027.04	1.08373746
137.259758	1200	10.7332	0.0	600000.0	3897.01	1.2
141.335398	1200	10.6575	0.0756398	600000.0	4075.64	0.87474886
145.217458	1200	10.7755	0.0	600000.0	3882.06	1.2
149.294108	1200	10.6988	0.0766518	600000.0	4076.65	0.87039726
153.338228	1200	10.6547	0.0441218	600000.0	4044.12	1.01027626
157.208288	1200	10.7846	0.0	600000.0	3870.06	1.2
161.167488	1200	10.8254	0.0	600000.0	3959.2	1.2
165.120618	1200	10.8723	0.0	600000.0	3953.13	1.2
169.186268	1200	10.8067	0.0656478	600000.0	4065.65	0.91771446
173.172028	1200	10.8209	0.0	600000.0	3985.76	1.2
177.050398	1200	10.9425	0.0	600000.0	3878.37	1.2
180.920438	1200	11.0725	0.0	600000.0	3870.04	1.2

