0.412404	0.0545581517153
1.448894	0.0488244669213
2.444618	0.0579857515832
3.494548	0.0633943175188
4.805488	0.064698479993
7.347288	0.0854199653508
10.187368	0.0923572102987
14.085388	0.101887875949
18.071108	0.107124730162
22.123478	0.113336177056
26.104288	0.131428354954
30.128378	0.134855851297
34.056328	0.137537975283
40.343498	0.140015141082
46.810408	0.142027935009
52.410638	0.137204386306
58.653358	0.137030200491
64.956868	0.135930783315
68.848028	0.137210944981
73.088858	0.136893281692
76.983918	0.1393168626
80.956778	0.139847202455
85.022368	0.140008709182
88.915668	0.139993778745
92.735408	0.14566530486
96.745548	0.14481703661
100.722258	0.144788828563
104.714348	0.145329250547
108.615228	0.145273330734
112.639448	0.147565497227
116.610658	0.147854683886
120.612248	0.14766973535
124.640788	0.14739961375
128.562068	0.147248865455
132.706738	0.143895320219
136.742428	0.143434438228
140.631688	0.144239255468
144.725218	0.14377252033
148.351008	0.138149213616
152.432018	0.138595066802
156.275108	0.13996166933
160.108578	0.140362578383
164.009728	0.14176281893
168.100158	0.143232801171
172.070598	0.144039236811
176.049218	0.143052004629
179.765408	0.143905506394
186.276798	0.139766013756

