0.393168	300	3.59976	0.0	22500.0	393.168	0.3
1.374544	300	6.61839	0.0	150000.0	981.376	0.3
2.315658	300	9.67727	0.0	150000.0	941.114	0.3
5.021538	750	10.9714	0.0	375000.0	2705.88	0.3
8.253178	750	11.7398	0.0	375000.0	3231.64	0.75
10.461328	750	13.5316	0.0	375000.0	2208.15	0.75
13.350898	750	14.642	0.0	375000.0	2889.57	0.75
15.581578	750	16.4114	0.0	375000.0	2230.68	0.75
18.431068	750	17.5619	0.0	375000.0	2849.49	0.75
20.703498	750	19.2894	0.0	375000.0	2272.43	0.75
23.192028	750	20.8009	0.0	375000.0	2488.53	0.75
25.750168	750	22.2428	0.0	375000.0	2558.14	0.75
28.799458	750	23.1935	0.0	375000.0	3049.29	0.75
31.032398	750	24.9605	0.0	375000.0	2232.94	0.75
37.516828	1850	22.4761	2.48443	925000.0	6484.43	-9.933049
44.026048	1850	19.9669	2.50922	925000.0	6509.22	-8.939646
50.230578	1850	17.7623	2.20453	925000.0	6204.53	-7.629479
56.535988	1850	15.4569	2.30541	925000.0	6305.41	-8.063263000000001
62.753078	1850	13.2399	2.21709	925000.0	6217.09	-7.6834869999999995
69.206678	1850	10.7863	2.4536	925000.0	6453.6	-8.700479999999999
71.711398	750	12.2815	0.0	375000.0	2504.72	-0.3500000000000001
73.880668	750	14.1123	0.0	375000.0	2169.27	0.75
76.366378	750	15.6266	0.0	375000.0	2485.71	0.75
78.895158	750	17.0978	0.0	375000.0	2528.78	0.75
81.064488	750	18.9284	0.0	375000.0	2169.33	0.75
83.479898	750	20.513	0.0	375000.0	2415.41	0.75
86.033178	750	21.9598	0.0	375000.0	2553.28	0.75
91.376278	1850	20.6167	1.3431	925000.0	5343.1	-5.025329999999999
96.972628	1850	19.0203	1.59635	925000.0	5596.35	-5.014305
102.646698	1850	17.3462	1.67407	925000.0	5674.07	-5.348500999999999
109.020148	1850	14.9728	2.37345	925000.0	6373.45	-8.355835
115.307828	1850	12.6851	2.28768	925000.0	6287.68	-7.987024
119.125908	1200	12.867	0.0	600000.0	3818.08	0.5499999999999999
121.680158	750	14.3128	0.0	375000.0	2554.25	0.3
124.218618	750	15.7743	0.0	375000.0	2538.46	0.75
126.984418	750	17.0085	0.0	375000.0	2765.8	0.75
129.457148	750	18.5358	0.0	375000.0	2472.73	0.75
132.023588	750	19.9694	0.0	375000.0	2566.44	0.75
134.217008	750	21.7759	0.0	375000.0	2193.42	0.75
136.742038	750	23.2509	0.0	375000.0	2525.03	0.75
139.159778	750	24.8332	0.0	375000.0	2417.74	0.75
141.344788	750	26.6481	0.0	375000.0	2185.01	0.75
147.588228	1850	24.4047	2.24344	925000.0	6243.44	-8.896792
153.792288	1850	22.2006	2.20406	925000.0	6204.06	-7.627458000000001
160.054798	1850	19.9381	2.26251	925000.0	6262.51	-7.878793
165.991768	1850	18.0012	1.93697	925000.0	5936.97	-6.478971
172.104638	1850	15.8883	2.11287	925000.0	6112.87	-7.235341
177.896638	1850	14.0963	1.792	925000.0	5792.0	-5.855599999999999

