0.373578	300	3.61818	0.0	22500.0	373.578	0.3
1.291172	300	6.70059	0.0	150000.0	917.594	0.3
2.189552	300	9.80221	0.0	150000.0	898.38	0.3
3.374792	300	12.617	0.0	150000.0	1185.24	0.3
5.093342	750	14.8984	0.0	375000.0	1718.55	0.3
7.571122	750	16.4206	0.0	375000.0	2477.78	0.75
10.973622	1200	17.0181	0.0	600000.0	3402.5	0.75
14.965192	1200	17.0266	0.0	600000.0	3991.57	1.2
19.042912	1200	16.9489	0.0777158	600000.0	4077.72	0.86582206
23.100672	1200	16.8911	0.0577638	600000.0	4057.76	0.95161566
27.045172	1200	16.9466	0.0	600000.0	3944.5	1.2
31.116162	1200	16.8756	0.0709878	600000.0	4070.99	0.89475246
35.050092	1200	16.9417	0.0	600000.0	3933.93	1.2
39.183272	1200	16.8085	0.133176	600000.0	4133.18	0.6273432
43.038172	1200	16.9536	0.0	600000.0	3854.9	1.2
49.365202	1850	14.6266	2.32703	925000.0	6327.03	-8.806229
55.749002	1850	12.2428	2.3838	925000.0	6383.8	-8.40034
62.029702	1850	9.96207	2.2807	925000.0	6280.7	-7.95701
68.383702	1850	7.60807	2.354	925000.0	6354.0	-8.2722
74.689612	1850	5.30217	2.30591	925000.0	6305.91	-8.065413
78.816112	1200	5.17567	0.126496	600000.0	4126.5	0.006067199999999939
82.804582	1200	5.1872	0.0	600000.0	3988.47	1.2
86.756202	1200	5.23559	0.0	600000.0	3951.62	1.2
90.698992	1200	5.2928	0.0	600000.0	3942.79	1.2
94.603022	1200	5.38877	0.0	600000.0	3904.03	1.2
98.532572	1200	5.45923	0.0	600000.0	3929.55	1.2
102.450032	1200	5.54177	0.0	600000.0	3917.46	1.2
106.471372	1200	5.52043	0.0213398	600000.0	4021.34	1.10823886
110.459242	1200	5.53256	0.0	600000.0	3987.87	1.2
114.403362	1200	5.58843	0.0	600000.0	3944.12	1.2
118.458062	1200	5.53374	0.0546958	600000.0	4054.7	0.96480806
122.399102	1200	5.59269	0.0	600000.0	3941.04	1.2
126.337222	1200	5.65458	0.0	600000.0	3938.12	1.2
130.508772	1200	5.48302	0.171554	600000.0	4171.55	0.4623177999999999
134.559592	1200	5.4322	0.0508238	600000.0	4050.82	0.98145766
139.265862	1200	4.72593	0.706272	600000.0	4706.27	-1.8369696
141.711682	750	6.28011	0.0	375000.0	2445.82	0.3
144.767472	750	7.22432	0.0	375000.0	3055.79	0.75
147.854812	750	8.13698	0.0	375000.0	3087.34	0.75
150.243192	750	9.74861	0.0	375000.0	2388.38	0.75
153.290812	750	10.701	0.0	375000.0	3047.62	0.75
157.199162	1200	10.7926	0.0	600000.0	3908.35	0.75
161.111412	1200	10.8804	0.0	600000.0	3912.25	1.2
165.049872	1200	10.9419	0.0	600000.0	3938.46	1.2
169.160242	1200	10.8316	0.110368	600000.0	4110.37	0.7254176
173.192752	1200	10.7991	0.0325078	600000.0	4032.51	1.06021646
179.352222	1850	8.63958	2.15947	925000.0	6159.47	-8.085721
184.992342	1850	6.99946	1.64012	925000.0	5640.12	-5.202515999999999

