0.393168	300	3.59976	0.0	22500.0	393.168	0.3
1.374544	300	6.61839	0.0	150000.0	981.376	0.3
3.693104	750	8.29983	0.0	375000.0	2318.56	0.3
4.961134	300	11.0318	0.0	150000.0	1268.03	-0.15000000000000002
5.967964	300	14.025	0.0	150000.0	1006.83	0.3
7.255834	300	16.7371	0.0	150000.0	1287.87	0.3
13.649464	1850	14.3435	2.39363	925000.0	6393.63	-9.992609
19.258754	1850	12.7342	1.60929	925000.0	5609.29	-5.069947000000001
24.841074	1850	11.1519	1.58232	925000.0	5582.32	-4.953975999999999
31.161744	1850	8.83119	2.32067	925000.0	6320.67	-8.128881
37.260274	1850	6.73266	2.09853	925000.0	6098.53	-7.173679
39.733404	750	8.25953	0.0	375000.0	2473.13	-0.3500000000000001
41.202924	300	10.79	0.0	150000.0	1469.52	-0.15000000000000002
42.500514	300	13.4924	0.0	150000.0	1297.59	0.3
43.896544	300	16.0964	0.0	150000.0	1396.03	0.3
45.338604	300	18.6543	0.0	150000.0	1442.06	0.3
46.616794	300	21.3761	0.0	150000.0	1278.19	0.3
49.489394	750	22.5035	0.0	375000.0	2872.6	0.3
53.656694	1200	22.3362	0.1673	600000.0	4167.3	0.03060999999999997
60.032174	1850	19.9608	2.37548	925000.0	6375.48	-9.014564
66.334674	1850	17.6583	2.3025	925000.0	6302.5	-8.05075
72.791924	1850	15.201	2.45725	925000.0	6457.25	-8.716175
79.163514	1850	12.8294	2.37159	925000.0	6371.59	-8.347837
84.615984	1850	11.377	1.45247	925000.0	5452.47	-4.395621
90.388194	1850	9.60475	1.77221	925000.0	5772.21	-5.770503
96.078904	1850	7.91404	1.69071	925000.0	5690.71	-5.420052999999999
101.540744	1850	6.45219	1.46184	925000.0	5461.84	-4.435912
107.274034	1850	4.71891	1.73329	925000.0	5733.29	-5.603147
109.604774	750	6.38817	0.0	375000.0	2330.74	-0.3500000000000001
112.105234	750	7.88771	0.0	375000.0	2500.46	0.75
113.580974	300	10.412	0.0	150000.0	1475.74	-0.15000000000000002
114.822304	300	13.1706	0.0	150000.0	1241.33	0.3
116.301954	300	15.691	0.0	150000.0	1479.65	0.3
117.756534	300	18.2364	0.0	150000.0	1454.58	0.3
118.958054	300	21.0349	0.0	150000.0	1201.52	0.3
120.332804	300	23.6601	0.0	150000.0	1374.75	0.3
125.018914	1200	22.974	0.686112	600000.0	4686.11	-2.6502816000000005
129.063044	1200	22.9299	0.0441338	600000.0	4044.13	1.01022466
135.362844	1850	20.6301	2.2998	925000.0	6299.8	-8.68914
141.761484	1850	18.2315	2.39864	925000.0	6398.64	-8.464151999999999
148.044484	1850	15.9485	2.283	925000.0	6283.0	-7.966899999999999
153.735024	1850	14.2579	1.69054	925000.0	5690.54	-5.419321999999999
159.057014	1850	12.9359	1.32199	925000.0	5321.99	-3.8345569999999998
165.401074	1850	10.5919	2.34406	925000.0	6344.06	-8.229458
170.487444	1850	9.5055	1.08637	925000.0	5086.37	-2.8213909999999998
176.273494	1850	7.71946	1.78605	925000.0	5786.05	-5.8300149999999995
181.962894	1850	6.03006	1.6894	925000.0	5689.4	-5.41442
187.638524	1850	4.35442	1.67563	925000.0	5675.63	-5.3552089999999986

