0.373578	0.0602283860399
1.291172	0.0539513954763
2.189552	0.0640448493283
3.374792	0.0669633693993
5.093342	0.0743922656088
7.571122	0.098227823819
10.973622	0.108444771104
14.965192	0.106154671931
19.042912	0.11002613031
23.100672	0.128456590559
27.045172	0.138084153359
31.116162	0.13350142071
35.050092	0.13388454544
39.183272	0.133515870953
43.038172	0.143958328407
49.365202	0.142815663706
55.749002	0.142627088637
62.029702	0.141643524407
68.383702	0.141724946552
74.689612	0.141837517821
78.816112	0.141682379316
82.804582	0.142809286736
86.756202	0.143422361056
90.698992	0.144697651149
94.603022	0.146051298034
98.532572	0.147510221348
102.450032	0.148043408463
106.471372	0.147902501792
110.459242	0.147565084767
114.403362	0.148036834546
118.458062	0.147046997387
122.399102	0.146873186367
126.337222	0.147488452594
130.508772	0.142513744961
134.559592	0.141759327266
139.265862	0.123497325298
141.711682	0.123662114613
144.767472	0.117346673214
147.854812	0.113340123252
150.243192	0.114507684397
153.290812	0.113640596869
157.199162	0.113665731066
161.111412	0.121490513801
165.049872	0.127437061655
169.160242	0.128068470877
173.192752	0.133497542799
179.352222	0.133041732019
184.992342	0.140119952024

