0.412404	300	3.5817	0.0	22500.0	412.404	0.3
1.448894	300	6.54521	0.0	150000.0	1036.49	0.3
2.444618	300	9.54948	0.0	150000.0	995.724	0.3
3.494548	300	12.4996	0.0	150000.0	1049.93	0.3
4.805488	300	15.1886	0.0	150000.0	1310.94	0.3
7.347288	750	16.6468	0.0	375000.0	2541.8	0.3
10.187368	750	17.8067	0.0	375000.0	2840.08	0.75
14.085388	1200	17.9087	0.0	600000.0	3898.02	0.75
18.071108	1200	17.923	0.0	600000.0	3985.72	1.2
22.123478	1200	17.8706	0.0523718	600000.0	4052.37	0.97480126
26.104288	1200	17.8898	0.0	600000.0	3980.81	1.2
30.128378	1200	17.8657	0.0240878	600000.0	4024.09	1.0964224599999999
34.056328	1200	17.9378	0.0	600000.0	3927.95	1.2
40.343498	1850	15.6506	2.28717	925000.0	6287.17	-8.634831
46.810408	1850	13.1837	2.46691	925000.0	6466.91	-8.757712999999999
52.410638	1850	11.5835	1.60023	925000.0	5600.23	-5.030989
58.653358	1850	9.34075	2.24272	925000.0	6242.72	-7.793695999999999
64.956868	1850	7.03724	2.30351	925000.0	6303.51	-8.055093000000001
68.848028	1200	7.14608	0.0	600000.0	3891.16	0.5499999999999999
73.088858	1200	6.90525	0.240832	600000.0	4240.83	0.16442240000000008
76.983918	1200	7.01019	0.0	600000.0	3895.06	1.2
80.956778	1200	7.03732	0.0	600000.0	3972.86	1.2
85.022368	1200	6.97173	0.0655898	600000.0	4065.59	0.91796386
88.915668	1200	7.07844	0.0	600000.0	3893.3	1.2
92.735408	1200	7.25869	0.0	600000.0	3819.74	1.2
96.745548	1200	7.24855	0.0101378	600000.0	4010.14	1.15640746
100.722258	1200	7.27185	0.0	600000.0	3976.71	1.2
104.714348	1200	7.27976	0.0	600000.0	3992.09	1.2
108.615228	1200	7.37888	0.0	600000.0	3900.88	1.2
112.639448	1200	7.35466	0.0242178	600000.0	4024.22	1.09586346
116.610658	1200	7.38345	0.0	600000.0	3971.21	1.2
120.612248	1200	7.38186	0.0015878	600000.0	4001.59	1.19317246
124.640788	1200	7.35332	0.0285438	600000.0	4028.54	1.07726166
128.562068	1200	7.43204	0.0	600000.0	3921.28	1.2
132.706738	1200	7.28737	0.144674	600000.0	4144.67	0.5779018
136.742428	1200	7.25168	0.0356938	600000.0	4035.69	1.04651666
140.631688	1200	7.36242	0.0	600000.0	3889.26	1.2
144.725218	1200	7.26888	0.0935338	600000.0	4093.53	0.7978046599999999
148.351008	1200	7.6431	0.0	600000.0	3625.79	1.2
152.432018	1200	7.56209	0.0810078	600000.0	4081.01	0.8516664599999999
156.275108	1200	7.719	0.0	600000.0	3843.09	1.2
160.108578	1200	7.88553	0.0	600000.0	3833.47	1.2
164.009728	1200	7.98438	0.0	600000.0	3901.15	1.2
168.100158	1200	7.89395	0.0904278	600000.0	4090.43	0.81116046
172.070598	1200	7.92351	0.0	600000.0	3970.44	1.2
176.049218	1200	7.9449	0.0	600000.0	3978.62	1.2
179.765408	1200	8.22871	0.0	600000.0	3716.19	1.2
186.276798	1850	5.71732	2.51139	925000.0	6511.39	-9.598977

