0.373578	300	3.61818	0.0	22500.0	373.578	0.3
1.291172	300	6.70059	0.0	150000.0	917.594	0.3
3.653642	750	8.33812	0.0	375000.0	2362.47	0.3
5.904172	750	10.0876	0.0	375000.0	2250.53	0.75
8.413862	750	11.5779	0.0	375000.0	2509.69	0.75
10.932692	750	13.0591	0.0	375000.0	2518.83	0.75
17.475272	1850	10.5165	2.54258	925000.0	6542.58	-10.183094
23.865482	1850	8.12628	2.39021	925000.0	6390.21	-8.427903
30.383942	1850	5.60783	2.51846	925000.0	6518.46	-8.979378
31.498072	300	8.4937	0.0	150000.0	1114.13	-1.25
32.975742	300	11.016	0.0	150000.0	1477.67	0.3
35.531512	750	12.4603	0.0	375000.0	2555.77	0.3
37.817382	750	14.1744	0.0	375000.0	2285.87	0.75
40.272462	750	15.7193	0.0	375000.0	2455.08	0.75
43.821532	1200	16.1702	0.0	600000.0	3549.07	0.75
48.641582	1850	15.3502	0.820048	925000.0	4820.05	-2.3262064
54.887842	1850	13.1039	2.24626	925000.0	6246.26	-7.808918
61.341732	1850	10.65	2.45389	925000.0	6453.89	-8.701727
67.639232	1850	8.35254	2.2975	925000.0	6297.5	-8.02925
73.978492	1850	6.01328	2.33926	925000.0	6339.26	-8.208817999999999
76.529392	750	7.46238	0.0	375000.0	2550.9	-0.3500000000000001
79.032292	750	8.95948	0.0	375000.0	2502.9	0.75
81.413222	750	10.5785	0.0	375000.0	2380.93	0.75
82.885002	300	13.1068	0.0	150000.0	1471.78	-0.15000000000000002
84.337782	300	15.654	0.0	150000.0	1452.78	0.3
85.801802	300	18.19	0.0	150000.0	1464.02	0.3
87.258242	300	20.7335	0.0	150000.0	1456.44	0.3
88.565712	300	23.4261	0.0	150000.0	1307.47	0.3
90.944622	750	25.0472	0.0	375000.0	2378.91	0.3
97.303982	1850	22.6878	2.35936	925000.0	6359.36	-9.395248
103.531762	1850	20.46	2.22778	925000.0	6227.78	-7.7294540000000005
108.461412	1850	19.5304	0.92965	925000.0	4929.65	-2.1474949999999997
114.759552	1850	17.2322	2.29814	925000.0	6298.14	-8.032002
120.278632	1850	15.7132	1.51908	925000.0	5519.08	-4.682043999999999
126.245872	1850	13.7459	1.96724	925000.0	5967.24	-6.609132000000001
131.935162	1850	12.0566	1.68929	925000.0	5689.29	-5.413947
138.283702	1850	9.70808	2.34854	925000.0	6348.54	-8.248721999999999
144.505692	1850	7.48609	2.22199	925000.0	6221.99	-7.704556999999999
150.696752	1850	5.29503	2.19106	925000.0	6191.06	-7.571558
152.136002	300	7.85579	0.0	150000.0	1439.25	-1.25
153.602362	300	10.3894	0.0	150000.0	1466.36	0.3
154.920382	300	13.0714	0.0	150000.0	1318.02	0.3
156.215832	300	15.776	0.0	150000.0	1295.45	0.3
158.775452	750	17.2163	0.0	375000.0	2559.62	0.3
161.816202	750	18.1756	0.0	375000.0	3040.75	0.75
168.098042	1850	15.8938	2.28184	925000.0	6281.84	-9.061912
173.587812	1850	14.404	1.48977	925000.0	5489.77	-4.556011
182.392412	2850	9.59939	4.8046	1425000.0	8804.6	-18.809779999999996

