0.412404	300	3.5817	0.0	22500.0	412.404	0.3
1.448894	300	6.54521	0.0	150000.0	1036.49	0.3
2.764844	300	9.22925	0.0	150000.0	1315.95	0.3
3.759978	300	12.2341	0.0	150000.0	995.134	0.3
5.025888	300	14.9682	0.0	150000.0	1265.91	0.3
6.061528	300	17.9326	0.0	150000.0	1035.64	0.3
11.472998	1850	16.5211	1.41147	925000.0	5411.47	-5.769320999999999
17.909078	1850	14.085	2.43608	925000.0	6436.08	-8.625144
24.311178	1850	11.6829	2.4021	925000.0	6402.1	-8.47903
30.820168	1850	9.17393	2.50899	925000.0	6508.99	-8.938657
36.087888	1850	7.90621	1.26772	925000.0	5267.72	-3.6011959999999994
42.145958	1850	5.84814	2.05807	925000.0	6058.07	-6.999701
44.144918	750	7.84917	0.0	375000.0	1998.96	-0.3500000000000001
45.405378	300	10.5887	0.0	150000.0	1260.46	-0.15000000000000002
46.651178	300	13.3429	0.0	150000.0	1245.8	0.3
49.185188	750	14.8089	0.0	375000.0	2534.01	0.3
53.155568	1200	14.8385	0.0	600000.0	3970.38	0.75
57.085508	1200	14.9086	0.0	600000.0	3929.94	1.2
59.614688	750	16.3794	0.0	375000.0	2529.18	0.3
65.926608	1850	14.0675	2.31192	925000.0	6311.92	-9.191256000000001
72.386418	1850	11.6077	2.45981	925000.0	6459.81	-8.727183
77.908608	1850	10.0855	1.52219	925000.0	5522.19	-4.695416999999999
83.429078	1850	8.56501	1.52047	925000.0	5520.47	-4.688020999999999
88.528508	1850	7.46558	1.09943	925000.0	5099.43	-2.8775489999999997
94.741928	1850	5.25217	2.21342	925000.0	6213.42	-7.667706000000001
97.617308	750	6.37679	0.0	375000.0	2875.38	-0.3500000000000001
100.133828	750	7.86027	0.0	375000.0	2516.52	0.75
102.640338	750	9.35376	0.0	375000.0	2506.51	0.75
103.872708	300	12.1214	0.0	150000.0	1232.37	-0.15000000000000002
105.335258	300	14.6588	0.0	150000.0	1462.55	0.3
106.799648	300	17.1945	0.0	150000.0	1464.39	0.3
108.188108	300	19.806	0.0	150000.0	1388.46	0.3
110.717018	750	21.2771	0.0	375000.0	2528.91	0.3
113.252728	750	22.7414	0.0	375000.0	2535.71	0.75
118.620638	1850	21.3735	1.36791	925000.0	5367.91	-5.132012999999999
124.705448	1850	19.2887	2.08481	925000.0	6084.81	-7.114682999999999
130.851708	1850	17.1424	2.14626	925000.0	6146.26	-7.378917999999999
137.328358	1850	14.6657	2.47665	925000.0	6476.65	-8.799594999999998
143.615768	1850	12.3783	2.28741	925000.0	6287.41	-7.985863
149.762618	1850	10.2315	2.14685	925000.0	6146.85	-7.381455000000001
155.302378	1850	8.69172	1.53976	925000.0	5539.76	-4.770968
160.978078	1850	7.01602	1.6757	925000.0	5675.7	-5.355509999999999
167.180018	1850	4.81409	2.20194	925000.0	6201.94	-7.618342
168.456198	300	7.53791	0.0	150000.0	1276.18	-1.25
169.919748	300	10.0744	0.0	150000.0	1463.55	0.3
174.083538	1200	9.91057	0.163794	600000.0	4163.79	-0.40431420000000007
180.668728	1850	7.32538	2.58519	925000.0	6585.19	-9.916317
186.594798	1850	5.39931	1.92607	925000.0	5926.07	-6.432100999999999

