0.393168	0.0572274447564
1.374544	0.0512279502714
2.315658	0.0609257240193
3.445268	0.0650595203221
4.711918	0.066481247466
7.582958	0.0843894651913
10.477288	0.0899450644603
14.501468	0.10475908855
18.491588	0.114699425389
22.601828	0.119837523859
26.558828	0.128601820074
30.629338	0.132178169617
34.514018	0.133099534194
38.738258	0.137368682621
42.607788	0.139718888505
48.903468	0.141190109365
55.433348	0.140041765812
61.643118	0.139060159142
67.928088	0.140533615152
74.283408	0.138804233314
78.366458	0.138808518728
82.310558	0.142397931313
86.308638	0.14260830638
90.196318	0.143953989661
94.101598	0.145530870936
98.008818	0.146833601007
101.973358	0.146865054078
105.992538	0.146707623252
109.920748	0.148328234002
113.925048	0.1480743776
117.936958	0.14729648731
121.945198	0.146974190692
125.913928	0.148357486656
129.972958	0.146854203712
134.063898	0.146034583869
138.097168	0.145879858362
141.956188	0.143749094297
145.845878	0.144319130265
149.674388	0.146007761288
153.494078	0.148046064858
157.356668	0.149358066849
161.318928	0.149034283349
165.278488	0.148498430194
169.348598	0.145605887461
173.332918	0.144397596188
177.274348	0.14382602829
181.160548	0.144377364709
187.287308	0.144271535965

