0.412404	300	3.5817	0.0	22500.0	412.404	0.3
1.448894	300	6.54521	0.0	150000.0	1036.49	0.3
2.444618	300	9.54948	0.0	150000.0	995.724	0.3
6.538248	1200	9.45585	0.0936298	600000.0	4093.63	-0.10260814000000007
11.340868	1200	8.65323	0.80262	600000.0	4802.62	-2.251266
13.846138	750	10.148	0.0	375000.0	2505.27	0.3
18.161508	1200	9.83259	0.315368	600000.0	4315.37	-0.6060823999999998
22.211928	1200	9.78217	0.0504198	600000.0	4050.42	0.98319486
26.202048	1200	9.79206	0.0	600000.0	3990.12	1.2
30.312288	1200	9.68181	0.110244	600000.0	4110.24	0.7259508
34.269288	1200	9.72481	0.0	600000.0	3957.0	1.2
38.339798	1200	9.6543	0.0705078	600000.0	4070.51	0.8968164599999999
42.224478	1200	9.76962	0.0	600000.0	3884.68	1.2
46.341008	1200	9.65309	0.116528	600000.0	4116.53	0.6989295999999999
50.332768	1200	9.66133	0.0	600000.0	3991.76	1.2
54.462638	1200	9.53146	0.12987	600000.0	4129.87	0.6415589999999999
58.425878	1200	9.56821	0.0	600000.0	3963.24	1.2
62.541938	1200	9.45216	0.116056	600000.0	4116.06	0.7009592
66.667188	1200	9.32691	0.125246	600000.0	4125.25	0.6614422
70.700308	1200	9.2938	0.0331178	600000.0	4033.12	1.0575934599999999
74.925318	1200	9.06879	0.22501	600000.0	4225.01	0.23245700000000002
78.864858	1200	9.12924	0.0	600000.0	3939.54	1.2
82.807708	1200	9.18639	0.0	600000.0	3942.85	1.2
86.753068	1200	9.24103	0.0	600000.0	3945.36	1.2
90.651718	1200	9.34238	0.0	600000.0	3898.65	1.2
94.581888	1200	9.41221	0.0	600000.0	3930.17	1.2
98.501348	1200	9.49276	0.0	600000.0	3919.46	1.2
102.521828	1200	9.47228	0.0204758	600000.0	4020.48	1.11195406
106.515628	1200	9.47849	0.0	600000.0	3993.8	1.2
110.452298	1200	9.54182	0.0	600000.0	3936.67	1.2
114.507798	1200	9.48632	0.0554958	600000.0	4055.5	0.96136806
118.453458	1200	9.54066	0.0	600000.0	3945.66	1.2
122.387728	1200	9.6064	0.0	600000.0	3934.27	1.2
126.557058	1200	9.43707	0.16933	600000.0	4169.33	0.471881
130.610778	1200	9.38335	0.0537158	600000.0	4053.72	0.9690220599999999
135.318408	1200	8.67572	0.707628	600000.0	4707.63	-1.8428004
137.771668	750	10.2225	0.0	375000.0	2453.26	0.3
142.432788	1200	9.56135	0.66112	600000.0	4661.12	-2.092816
146.487608	1200	9.50652	0.0548238	600000.0	4054.82	0.9642576599999999
150.522308	1200	9.47182	0.0347018	600000.0	4034.7	1.05078226
154.464098	1200	9.53003	0.0	600000.0	3941.79	1.2
158.377918	1200	9.61621	0.0	600000.0	3913.82	1.2
162.310998	1200	9.68313	0.0	600000.0	3933.08	1.2
166.427508	1200	9.56662	0.116506	600000.0	4116.51	0.6990242
170.455458	1200	9.53867	0.0279458	600000.0	4027.95	1.07983306
174.385188	1200	9.60895	0.0	600000.0	3929.73	1.2
178.283218	1200	9.71091	0.0	600000.0	3898.03	1.2
182.246498	1200	9.74763	0.0	600000.0	3963.28	1.2

