0.373578	300	3.61818	0.0	22500.0	373.578	0.3
1.291172	300	6.70059	0.0	150000.0	917.594	0.3
2.189552	300	9.80221	0.0	150000.0	898.38	0.3
6.117092	1200	9.87467	0.0	600000.0	3927.54	0.29999999999999993
10.199242	1200	9.79252	0.0821498	600000.0	4082.15	0.84675586
14.100472	1200	9.89129	0.0	600000.0	3901.23	1.2
18.151712	1200	9.84005	0.0512378	600000.0	4051.24	0.97967746
22.085402	1200	9.90637	0.0	600000.0	3933.69	1.2
26.069372	1200	9.9224	0.0	600000.0	3983.97	1.2
30.121472	1200	9.87029	0.0521038	600000.0	4052.1	0.97595366
34.102492	1200	9.88927	0.0	600000.0	3981.02	1.2
38.127952	1200	9.86381	0.0254598	600000.0	4025.46	1.0905228599999999
42.053672	1200	9.93809	0.0	600000.0	3925.72	1.2
46.070802	1200	9.92097	0.0171278	600000.0	4017.13	1.12635046
50.190772	1200	9.801	0.119968	600000.0	4119.97	0.6841375999999999
54.194242	1200	9.79753	0.00346579	600000.0	4003.47	1.185097103
58.248392	1200	9.74338	0.0541478	600000.0	4054.15	0.96716446
62.314792	1200	9.67698	0.0664038	600000.0	4066.4	0.91446366
66.418692	1200	9.57308	0.103904	600000.0	4103.9	0.7532128
70.463552	1200	9.52822	0.0448598	600000.0	4044.86	1.00710286
74.684632	1200	9.30714	0.221076	600000.0	4221.08	0.24937320000000007
78.649802	1200	9.34197	0.0	600000.0	3965.17	1.2
82.647342	1200	9.34443	0.0	600000.0	3997.54	1.2
86.535022	1200	9.45675	0.0	600000.0	3887.68	1.2
90.440302	1200	9.55147	0.0	600000.0	3905.28	1.2
94.347522	1200	9.64424	0.0	600000.0	3907.22	1.2
98.312062	1200	9.6797	0.0	600000.0	3964.54	1.2
102.333762	1200	9.658	0.0216998	600000.0	4021.7	1.10669086
106.259442	1200	9.73232	0.0	600000.0	3925.68	1.2
110.263742	1200	9.72802	0.00429979	600000.0	4004.3	1.181510903
114.275652	1200	9.71611	0.0119098	600000.0	4011.91	1.1487878599999999
118.283892	1200	9.70787	0.0082358	600000.0	4008.24	1.16458606
122.252622	1200	9.73914	0.0	600000.0	3968.73	1.2
126.311652	1200	9.68011	0.0590318	600000.0	4059.03	0.94616326
130.402592	1200	9.58917	0.0909398	600000.0	4090.94	0.80895886
134.435862	1200	9.5559	0.0332698	600000.0	4033.27	1.05693986
138.294882	1200	9.69688	0.0	600000.0	3859.02	1.2
142.410202	1200	9.58156	0.115324	600000.0	4115.32	0.7041067999999999
146.311972	1200	9.67979	0.0	600000.0	3901.77	1.2
150.326712	1200	9.66505	0.0147378	600000.0	4014.74	1.13662746
154.401112	1200	9.59065	0.0743978	600000.0	4074.4	0.88008946
158.235162	1200	9.7566	0.0	600000.0	3834.05	1.2
162.129152	1200	9.86261	0.0	600000.0	3893.99	1.2
166.226262	1200	9.76549	0.0971118	600000.0	4097.11	0.78241926
170.194582	1200	9.79718	0.0	600000.0	3968.32	1.2
174.172482	1200	9.81927	0.0	600000.0	3977.9	1.2
178.033842	1200	9.95791	0.0	600000.0	3861.36	1.2
182.031732	1200	9.96003	0.0	600000.0	3997.89	1.2

