0.373578	300	3.61818	0.0	22500.0	373.578	0.3
1.291172	300	6.70059	0.0	150000.0	917.594	0.3
2.189552	300	9.80221	0.0	150000.0	898.38	0.3
5.007292	750	10.9845	0.0	375000.0	2817.74	0.3
7.325152	750	12.6666	0.0	375000.0	2317.86	0.75
9.650492	750	14.3413	0.0	375000.0	2325.34	0.75
12.487022	750	15.5047	0.0	375000.0	2836.53	0.75
14.718462	750	17.2733	0.0	375000.0	2231.44	0.75
17.552592	750	18.4392	0.0	375000.0	2834.13	0.75
19.838382	750	20.1534	0.0	375000.0	2285.79	0.75
22.084172	750	21.9076	0.0	375000.0	2245.79	0.75
24.616632	750	23.3751	0.0	375000.0	2532.46	0.75
27.103832	750	24.8879	0.0	375000.0	2487.2	0.75
29.334132	750	26.6576	0.0	375000.0	2230.3	0.75
35.730772	1850	24.261	2.39664	925000.0	6396.64	-9.555552
41.417352	1850	22.5744	1.68658	925000.0	5686.58	-5.4022939999999995
47.746982	1850	20.2448	2.32963	925000.0	6329.63	-8.167409
54.044222	1850	17.9475	2.29724	925000.0	6297.24	-8.028132
60.365162	1850	15.6266	2.32094	925000.0	6320.94	-8.130042
66.561382	1850	13.4304	2.19622	925000.0	6196.22	-7.593745999999999
72.961892	1850	11.0299	2.40051	925000.0	6400.51	-8.472193
79.299562	1850	8.69219	2.33767	925000.0	6337.67	-8.201981
81.583732	750	10.408	0.0	375000.0	2284.17	-0.3500000000000001
84.040602	750	11.9511	0.0	375000.0	2456.87	0.75
86.370692	750	13.6211	0.0	375000.0	2330.09	0.75
88.929142	750	15.0626	0.0	375000.0	2558.45	0.75
91.149162	750	16.8426	0.0	375000.0	2220.02	0.75
94.235532	750	17.7562	0.0	375000.0	3086.37	0.75
96.703922	750	19.2878	0.0	375000.0	2468.39	0.75
99.225842	750	20.7659	0.0	375000.0	2521.92	0.75
105.524422	1850	18.4673	2.29858	925000.0	6298.58	-9.133894
111.813112	1850	16.1786	2.28869	925000.0	6288.69	-7.991367
118.018682	1850	13.9731	2.20557	925000.0	6205.57	-7.633951
124.588422	1850	11.4033	2.56974	925000.0	6569.74	-9.199881999999999
126.934472	750	13.0573	0.0	375000.0	2346.05	-0.3500000000000001
129.204662	750	14.7871	0.0	375000.0	2270.19	0.75
132.235282	750	15.7565	0.0	375000.0	3030.62	0.75
134.749572	750	17.2422	0.0	375000.0	2514.29	0.75
137.278352	750	18.7134	0.0	375000.0	2528.78	0.75
140.302652	750	19.6891	0.0	375000.0	3024.3	0.75
142.721542	750	21.2702	0.0	375000.0	2418.89	0.75
145.073632	750	22.9181	0.0	375000.0	2352.09	0.75
147.562372	750	24.4294	0.0	375000.0	2488.74	0.75
153.663682	1850	22.3281	2.10131	925000.0	6101.31	-8.285632999999999
160.001902	1850	19.9899	2.33822	925000.0	6338.22	-8.204346000000001
166.425992	1850	17.5658	2.42409	925000.0	6424.09	-8.573587
172.023582	1850	15.9682	1.59759	925000.0	5597.59	-5.0196369999999995
178.318722	1850	13.673	2.29514	925000.0	6295.14	-8.019102

