0.393168	300	3.59976	0.0	22500.0	393.168	0.3
1.374544	300	6.61839	0.0	150000.0	981.376	0.3
2.315658	300	9.67727	0.0	150000.0	941.114	0.3
3.445268	300	12.5477	0.0	150000.0	1129.61	0.3
4.711918	300	15.281	0.0	150000.0	1266.65	0.3
7.582958	750	16.41	0.0	375000.0	2871.04	0.3
10.477288	750	17.5156	0.0	375000.0	2894.33	0.75
14.501468	1200	17.4915	0.0241838	600000.0	4024.18	0.64600966
18.491588	1200	17.5013	0.0	600000.0	3990.12	1.2
22.601828	1200	17.3911	0.110244	600000.0	4110.24	0.7259508
26.558828	1200	17.4341	0.0	600000.0	3957.0	1.2
30.629338	1200	17.3636	0.0705078	600000.0	4070.51	0.8968164599999999
34.514018	1200	17.4789	0.0	600000.0	3884.68	1.2
38.738258	1200	17.2547	0.22424	600000.0	4224.24	0.23576799999999998
42.607788	1200	17.3851	0.0	600000.0	3869.53	1.2
48.903468	1850	15.0895	2.29568	925000.0	6295.68	-8.671424
55.433348	1850	12.5596	2.52988	925000.0	6529.88	-9.028483999999999
61.643118	1850	10.3498	2.20977	925000.0	6209.77	-7.652011
67.928088	1850	8.06483	2.28497	925000.0	6284.97	-7.975370999999999
74.283408	1850	5.70951	2.35532	925000.0	6355.32	-8.277876
78.366458	1200	5.62646	0.0830458	600000.0	4083.05	0.19290306000000002
82.310558	1200	5.68236	0.0	600000.0	3944.1	1.2
86.308638	1200	5.68428	0.0	600000.0	3998.08	1.2
90.196318	1200	5.7966	0.0	600000.0	3887.68	1.2
94.101598	1200	5.89132	0.0	600000.0	3905.28	1.2
98.008818	1200	5.9841	0.0	600000.0	3907.22	1.2
101.973358	1200	6.01956	0.0	600000.0	3964.54	1.2
105.992538	1200	6.00038	0.0191778	600000.0	4019.18	1.11753546
109.920748	1200	6.07218	0.0	600000.0	3928.21	1.2
113.925048	1200	6.06788	0.00429979	600000.0	4004.3	1.181510903
117.936958	1200	6.05597	0.0119098	600000.0	4011.91	1.1487878599999999
121.945198	1200	6.04773	0.0082358	600000.0	4008.24	1.16458606
125.913928	1200	6.079	0.0	600000.0	3968.73	1.2
129.972958	1200	6.01997	0.0590318	600000.0	4059.03	0.94616326
134.063898	1200	5.92903	0.0909398	600000.0	4090.94	0.80895886
138.097168	1200	5.89576	0.0332698	600000.0	4033.27	1.05693986
141.956188	1200	6.03674	0.0	600000.0	3859.02	1.2
145.845878	1200	6.14705	0.0	600000.0	3889.69	1.2
149.674388	1200	6.31854	0.0	600000.0	3828.51	1.2
153.494078	1200	6.49885	0.0	600000.0	3819.69	1.2
157.356668	1200	6.63626	0.0	600000.0	3862.59	1.2
161.318928	1200	6.674	0.0	600000.0	3962.26	1.2
165.278488	1200	6.71444	0.0	600000.0	3959.56	1.2
169.348598	1200	6.64433	0.0701118	600000.0	4070.11	0.89851926
173.332918	1200	6.66001	0.0	600000.0	3984.32	1.2
177.274348	1200	6.71857	0.0	600000.0	3941.43	1.2
181.160548	1200	6.83238	0.0	600000.0	3886.2	1.2
187.287308	1850	4.70562	2.12676	925000.0	6126.76	-7.945068000000001

