0.34645	300	3.64578	0.0	22500.0	346.45	0.3
0.869023	300	7.12321	0.0	150000.0	522.573	0.3
2.051433	750	9.9408	0.0	375000.0	1182.41	0.3
3.409783	750	12.5824	0.0	375000.0	1358.35	0.75
4.902653	750	15.0896	0.0	375000.0	1492.87	0.75
6.120213	750	17.872	0.0	375000.0	1217.56	0.75
9.505163	1850	18.4871	0.0	925000.0	3384.95	0.75
13.670423	1850	18.3218	0.165258	925000.0	4165.26	1.1393906
17.906143	1850	18.0861	0.235719	925000.0	4235.72	0.8364083
24.683613	1850	15.3086	2.77747	925000.0	6777.47	-10.093121
29.452093	1850	14.5401	0.768482	925000.0	4768.48	-1.4544726
33.264033	1850	14.7282	0.0	925000.0	3811.94	1.85
37.513533	1850	14.4787	0.249503	925000.0	4249.5	0.7771371
43.255683	1850	12.7365	1.74215	925000.0	5742.15	-5.641245
48.471533	1850	11.5207	1.21585	925000.0	5215.85	-3.378155
50.581733	750	13.4105	0.0	375000.0	2110.2	-0.3500000000000001
52.472303	750	15.5199	0.0	375000.0	1890.57	0.75
54.100843	750	17.8914	0.0	375000.0	1628.54	0.75
58.887333	1850	17.1049	0.786492	925000.0	4786.49	-2.6319155999999997
70.578733	1850	9.41347	7.69143	925000.0	11691.4	-31.223149
75.492043	750	8.50016	0.913307	375000.0	4913.31	-4.277220099999999
79.741723	750	8.25048	0.249676	375000.0	4249.68	-0.3236068000000001
80.970483	300	11.0217	0.0	150000.0	1228.76	-0.15000000000000002
84.345463	750	11.6467	0.0	375000.0	3374.98	0.3
87.303763	750	12.6884	0.0	375000.0	2958.3	0.75
89.651593	750	14.3406	0.0	375000.0	2347.83	0.75
91.175673	750	16.8165	0.0	375000.0	1524.08	0.75
94.070243	1850	17.922	0.0	925000.0	2894.57	0.75
97.617603	1850	18.3746	0.0	925000.0	3547.36	1.85
100.949253	1850	19.0429	0.0	925000.0	3331.65	1.85
103.476763	1850	20.5154	0.0	925000.0	2527.51	1.85
106.770613	1850	21.2216	0.0	925000.0	3293.85	1.85
111.939653	1850	20.0526	1.16904	925000.0	5169.04	-3.176872
116.907683	1850	19.0845	0.96803	925000.0	4968.03	-2.312528999999999
120.488783	1850	19.5034	0.0	925000.0	3581.1	1.85
125.623443	1850	18.3688	1.13466	925000.0	5134.66	-3.0290379999999995
130.262503	1850	17.7297	0.639061	925000.0	4639.06	-0.8979622999999997
134.787603	1850	17.2046	0.525098	925000.0	4525.1	-0.40792139999999977
138.345833	1850	17.6464	0.0	925000.0	3558.23	1.85
142.546753	1850	17.4454	0.200925	925000.0	4200.92	0.9860225000000001
146.735473	1850	17.2567	0.188724	925000.0	4188.72	1.0384868000000003
150.684963	1850	17.3072	0.0	925000.0	3949.49	1.85
154.847443	1850	17.1448	0.16248	925000.0	4162.48	1.1513360000000001
161.906643	1850	14.0856	3.0592	925000.0	7059.2	-11.30456
168.640863	1850	11.3513	2.73422	925000.0	6734.22	-9.907146000000001
172.392293	1850	11.5999	0.0	925000.0	3751.43	1.85
176.316163	1850	11.676	0.0	925000.0	3923.87	1.85
179.777853	1850	12.2143	0.0	925000.0	3461.69	1.85

