0.34645	300	3.64578	0.0	22500.0	346.45	0.3
0.869023	300	7.12321	0.0	150000.0	522.573	0.3
2.051433	750	9.9408	0.0	375000.0	1182.41	0.3
4.322543	1200	11.6697	0.0	600000.0	2271.11	0.75
7.412243	1850	12.58	0.0	925000.0	3089.7	1.2000000000000002
11.567623	1850	12.4246	0.15538	925000.0	4155.38	1.1818660000000003
15.772513	1850	12.2197	0.204894	925000.0	4204.89	0.9689558000000001
20.937943	1850	11.0543	1.16543	925000.0	5165.43	-3.161349
27.099203	1850	8.89302	2.16126	925000.0	6161.26	-7.443417999999999
28.641583	750	11.3506	0.0	375000.0	1542.38	-0.3500000000000001
32.662493	1850	11.3297	0.0209052	925000.0	4020.91	0.6601076400000001
36.586123	1850	11.4061	0.0	925000.0	3923.63	1.85
42.296923	1850	9.6953	1.7108	925000.0	5710.8	-5.50644
45.743513	1200	10.2487	0.0	600000.0	3446.59	0.5499999999999999
48.796153	1200	11.1961	0.0	600000.0	3052.64	1.2
53.659973	1850	10.3322	0.863818	925000.0	4863.82	-2.5144173999999997
56.296223	1200	11.696	0.0	600000.0	2636.25	0.5499999999999999
62.364043	1850	9.62819	2.06782	925000.0	6067.82	-7.691626000000001
72.082883	1200	3.90935	5.71884	600000.0	9718.84	-24.041012
74.050263	300	5.94197	0.0	150000.0	1967.38	-0.6000000000000001
75.729143	300	8.26308	0.0	150000.0	1678.88	0.3
79.932683	750	8.05955	0.203539	375000.0	4203.54	-0.5752177
82.980823	750	9.01141	0.0	375000.0	3048.14	0.75
87.666203	1200	8.32603	0.685381	600000.0	4685.38	-2.1971382999999998
90.106113	750	9.88612	0.0	375000.0	2439.91	0.3
92.011573	1200	11.9807	0.0	600000.0	1905.46	0.75
95.138273	1850	12.854	0.0	925000.0	3126.7	1.2000000000000002
98.831153	1850	13.1611	0.0	925000.0	3692.88	1.85
103.222003	2850	12.7702	0.390849	1425000.0	4390.85	0.16934930000000015
106.501833	1850	13.4904	0.0	925000.0	3279.83	0.8500000000000001
113.746923	2850	10.2453	3.24509	1425000.0	7245.09	-12.103886999999999
116.949203	1200	11.043	0.0	600000.0	3202.28	-0.44999999999999996
120.535533	1850	11.4567	0.0	925000.0	3586.33	1.2000000000000002
125.658163	1850	10.3341	1.12263	925000.0	5122.63	-2.9773089999999995
128.823123	1200	11.1691	0.0	600000.0	3164.96	0.5499999999999999
133.952823	1850	10.0394	1.1297	925000.0	5129.7	-3.657709999999999
136.294373	1200	11.6979	0.0	600000.0	2341.55	0.5499999999999999
139.556603	1850	12.4356	0.0	925000.0	3262.23	1.2000000000000002
143.998863	1850	11.9934	0.44226	925000.0	4442.26	-0.05171799999999971
148.111873	1850	11.8804	0.113007	925000.0	4113.01	1.3640699
152.576943	1850	11.4153	0.465068	925000.0	4465.07	-0.14979239999999971
156.232593	1850	11.7597	0.0	925000.0	3655.65	1.85
165.895573	1850	6.09668	5.66298	925000.0	9662.98	-22.500814
166.979083	300	9.01316	0.0	150000.0	1083.51	-1.25
169.507553	1200	10.4847	0.0	600000.0	2528.47	0.29999999999999993
171.925263	1200	12.067	0.0	600000.0	2417.71	1.2
175.878953	1850	12.1133	0.0	925000.0	3953.69	1.2000000000000002
179.233753	1850	12.7585	0.0	925000.0	3354.8	1.85

