0.34645	300	3.64578	0.0	22500.0	346.45	0.3
0.869023	300	7.12321	0.0	150000.0	522.573	0.3
1.357208	300	10.635	0.0	150000.0	488.185	0.3
2.603548	750	13.3887	0.0	375000.0	1246.34	0.3
5.983688	1850	14.0085	0.0	925000.0	3380.14	0.75
9.487498	1850	14.5047	0.0	925000.0	3503.81	1.85
15.883758	2850	12.1085	2.39626	1425000.0	6396.26	-8.453918
24.540248	2850	7.45199	4.65649	1425000.0	8656.49	-17.172907
31.109868	2850	4.88237	2.56962	1425000.0	6569.62	-8.199366
35.146928	1850	4.84531	0.0370583	925000.0	4037.06	0.69064931
40.515978	1850	3.47626	1.36905	925000.0	5369.05	-4.0369150000000005
45.651298	1850	2.34094	1.13532	925000.0	5135.32	-3.031876
47.489308	750	4.50293	0.0	375000.0	1838.01	-0.3500000000000001
49.358658	750	6.63358	0.0	375000.0	1869.35	0.75
54.423848	1850	5.56839	1.06519	925000.0	5065.19	-3.830317
59.179238	1850	4.813	0.755391	925000.0	4755.39	-1.3981813
70.818438	1850	0	7.63919	925000.0	11639.2	-30.998517
72.960258	300	1.59369	0.0	150000.0	2141.82	-1.25
74.815878	300	3.73807	0.0	150000.0	1855.62	0.3
79.075888	750	3.47806	0.260007	375000.0	4260.01	-0.8180300999999999
80.417718	300	6.13623	0.0	150000.0	1341.83	-0.15000000000000002
81.754678	300	8.79927	0.0	150000.0	1336.96	0.3
85.135798	750	9.41814	0.0	375000.0	3381.12	0.3
86.375618	300	12.1783	0.0	150000.0	1239.82	-0.15000000000000002
87.298062	300	15.2559	0.0	150000.0	922.444	0.3
88.373432	300	18.1805	0.0	150000.0	1075.37	0.3
91.235122	1200	19.3188	0.0	600000.0	2861.69	0.29999999999999993
94.137262	1850	20.4167	0.0	925000.0	2902.14	1.2000000000000002
97.695422	1850	20.8585	0.0	925000.0	3558.16	1.85
102.441362	2850	20.1126	0.745937	1425000.0	4745.94	-1.3575290999999998
107.105212	2850	19.4487	0.663852	1425000.0	4663.85	-0.004563600000000001
114.744462	2850	15.8095	3.63925	1425000.0	7639.25	-12.798775000000001
120.931932	2850	13.622	2.18747	1425000.0	6187.47	-6.556120999999999
128.653172	2850	9.90077	3.72124	1425000.0	7721.24	-13.151331999999998
135.977402	2850	6.57654	3.32423	1425000.0	7324.23	-11.444189
139.334672	1850	7.21927	0.0	925000.0	3357.27	0.8500000000000001
143.378932	1850	7.17501	0.0442611	925000.0	4044.26	1.65967727
147.407682	1850	7.14626	0.0287487	925000.0	4028.75	1.7263805900000002
151.603812	1850	6.95013	0.196127	925000.0	4196.13	1.0066539
155.375012	1850	7.17894	0.0	925000.0	3771.2	1.85
164.320262	1850	2.23369	4.94525	925000.0	8945.25	-19.414574999999996
167.260462	750	3.29349	0.0	375000.0	2940.2	-0.3500000000000001
167.971246	300	6.58271	0.0	150000.0	710.784	-0.15000000000000002
169.397896	750	9.15606	0.0	375000.0	1426.65	0.3
171.786046	1200	10.7679	0.0	600000.0	2388.15	0.75
175.668366	1850	10.8856	0.0	925000.0	3882.32	1.2000000000000002
181.658046	2850	8.89591	1.98968	1425000.0	5989.68	-6.705624
185.630596	2850	8.92336	0.0	1425000.0	3972.55	2.85

