0.34645	300	3.64578	0.0	22500.0	346.45	0.3
0.869023	300	7.12321	0.0	150000.0	522.573	0.3
1.357208	300	10.635	0.0	150000.0	488.185	0.3
2.603548	750	13.3887	0.0	375000.0	1246.34	0.3
4.074468	750	15.9178	0.0	375000.0	1470.92	0.75
6.120198	1200	17.872	0.0	600000.0	2045.73	0.75
8.134198	1200	19.858	0.0	600000.0	2014.0	1.2
12.292378	1850	19.6999	0.158181	925000.0	4158.18	0.5198217000000002
16.514278	1850	19.478	0.221898	925000.0	4221.9	0.8958386
22.816028	1850	17.1762	2.30175	925000.0	6301.75	-8.047525
28.261038	1850	15.7312	1.44501	925000.0	5445.01	-4.363543
31.987008	1850	16.0052	0.0	925000.0	3725.97	1.85
36.078168	1850	15.9141	0.0911555	925000.0	4091.16	1.4580313500000002
41.348398	1850	14.6438	1.27023	925000.0	5270.23	-3.611989
45.397298	1200	14.5949	0.0488991	600000.0	4048.9	0.33973387
48.303728	1200	15.6885	0.0	600000.0	2906.43	1.2
52.911488	1850	15.0807	0.607763	925000.0	4607.76	-1.4133809
56.824268	1850	15.168	0.0	925000.0	3912.78	1.85
65.278428	1850	10.7138	4.45416	925000.0	8454.16	-17.302887999999996
74.405438	1200	5.58679	5.12701	600000.0	9127.01	-21.496143
76.084318	300	7.9079	0.0	150000.0	1678.88	-0.6000000000000001
78.198328	300	9.79389	0.0	150000.0	2114.01	0.3
79.480448	300	12.5118	0.0	150000.0	1282.12	0.3
80.778288	300	15.2139	0.0	150000.0	1297.84	0.3
82.098298	300	17.8939	0.0	150000.0	1320.01	0.3
85.529208	750	18.463	0.0	375000.0	3430.91	0.3
88.202738	750	19.7895	0.0	375000.0	2673.53	0.75
91.132498	1200	20.8597	0.0	600000.0	2929.76	0.75
92.886138	1200	23.1061	0.0	600000.0	1753.64	1.2
94.957688	1200	25.0346	0.0	600000.0	2071.55	1.2
97.198408	1200	26.7938	0.0	600000.0	2240.72	1.2
99.467138	1200	28.5251	0.0	600000.0	2268.73	1.2
103.844018	2850	28.1482	0.376879	1425000.0	4376.88	-0.4205796999999998
110.222128	2850	25.7701	2.37811	1425000.0	6378.11	-7.375873
117.646858	2850	22.3454	3.42473	1425000.0	7424.73	-11.876339
124.046988	2850	19.9453	2.40013	1425000.0	6400.13	-7.470559
131.596668	2850	16.3956	3.54968	1425000.0	7549.68	-12.413623999999999
137.524978	2850	14.4673	1.92831	1425000.0	5928.31	-5.441732999999999
143.814778	2850	12.1775	2.2898	1425000.0	6289.8	-6.9961400000000005
149.857468	2850	10.1348	2.04269	1425000.0	6042.69	-5.933567
154.201388	1850	9.79086	0.343918	925000.0	4343.92	-0.6288474
159.860918	1850	8.13133	1.65953	925000.0	5659.53	-5.285978999999999
168.220138	1850	3.77211	4.35922	925000.0	8359.22	-16.894645999999998
168.77436	300	7.21789	0.0	150000.0	554.222	-1.25
170.42908	750	9.56317	0.0	375000.0	1654.72	0.3
171.86615	750	12.1261	0.0	375000.0	1437.07	0.75
174.52074	1200	13.4715	0.0	600000.0	2654.59	0.75
177.74044	1850	14.2518	0.0	925000.0	3219.7	1.2000000000000002

