0.34645	0.0649444364266
0.869023	0.0597172778385
1.357208	0.0764060293751
2.603548	0.0885757449956
4.074468	0.0959388644865
6.120198	0.162061630078
8.134198	0.174940419516
12.292378	0.174344565079
16.514278	0.17832698844
22.816028	0.128044653137
28.261038	0.115416556501
31.987008	0.112411466655
36.078168	0.112728202676
41.348398	0.107969573954
45.397298	0.143591323043
48.303728	0.154561261476
52.911488	0.149041625625
56.824268	0.150126169603
65.278428	0.0968360940213
74.405438	0.0512523629762
76.084318	0.0439822702386
78.198328	0.0365423531087
79.480448	0.0338308299151
80.778288	0.0341165967367
82.098298	0.0619200898796
85.529208	0.064489628784
88.202738	0.0926769332363
91.132498	0.0910265043109
92.886138	0.0937678204826
94.957688	0.111977004059
97.198408	0.13938414704
99.467138	0.164242223981
103.844018	0.181781715607
110.222128	0.183073822148
117.646858	0.175285740845
124.046988	0.168977975216
131.596668	0.157610338937
137.524978	0.15035040905
143.814778	0.150745657553
149.857468	0.175608828022
154.201388	0.174031954053
159.860918	0.157766553643
168.220138	0.0917252420676
168.77436	0.0940989532625
170.42908	0.0935197230129
171.86615	0.096501665792
174.52074	0.102937773184
177.74044	0.186369494406

