0.48382	300	3.51305	0.0	22500.0	483.82	0.3
1.83118	300	6.1657	0.0	150000.0	1347.36	0.3
3.16506	300	8.83181	0.0	150000.0	1333.88	0.3
6.49452	750	9.50235	0.0	375000.0	3329.46	0.3
9.87289	750	10.124	0.0	375000.0	3378.37	0.75
11.22115	300	12.7757	0.0	150000.0	1348.26	-0.15000000000000002
12.51578	300	15.4811	0.0	150000.0	1294.63	0.3
15.74247	750	16.2544	0.0	375000.0	3226.69	0.3
18.95134	750	17.0455	0.0	375000.0	3208.87	0.75
20.34915	300	19.6477	0.0	150000.0	1397.81	-0.15000000000000002
21.76078	300	22.2361	0.0	150000.0	1411.63	0.3
26.88951	1200	21.1074	0.0	600000.0	5128.73	0.29999999999999993
30.28673	750	21.7102	0.0	375000.0	3397.22	0.3
33.66218	750	22.3347	0.0	375000.0	3375.45	0.75
37.33206	750	22.6648	0.0	375000.0	3669.88	0.75
40.74559	750	23.2513	0.0	375000.0	3413.53	0.75
45.83931	1200	22.1576	0.0	600000.0	5093.72	0.75
48.97557	750	23.0213	0.0	375000.0	3136.26	0.3
54.51755	1200	21.4793	0.0	600000.0	5541.98	0.75
57.84206	750	22.1548	0.0	375000.0	3324.51	0.3
63.22596	1200	20.7709	0.0	600000.0	5383.9	0.75
66.6807	750	21.3162	0.0	375000.0	3454.74	0.3
69.80125	750	22.1956	0.0	375000.0	3120.55	0.75
73.08964	750	22.9072	0.0	375000.0	3288.39	0.75
78.52865	1200	21.4682	0.0	600000.0	5439.01	0.75
81.68097	750	22.3159	0.0	375000.0	3152.32	0.3
87.18611	1200	20.8108	0.0	600000.0	5505.14	0.75
90.59472	750	21.4022	0.0	375000.0	3408.61	0.3
93.87513	750	22.1217	0.0	375000.0	3280.41	0.75
97.20986	750	22.787	0.0	375000.0	3334.73	0.75
102.19905	1200	21.7978	0.0	600000.0	4989.19	0.75
107.3621	1200	20.6348	0.0	600000.0	5163.05	1.2
110.70899	750	21.2879	0.0	375000.0	3346.89	0.3
116.00643	1200	19.9904	0.0	600000.0	5297.44	0.75
119.36075	750	20.6361	0.0	375000.0	3354.32	0.3
122.70812	750	21.2888	0.0	375000.0	3347.37	0.75
125.75175	750	22.2451	0.0	375000.0	3043.63	0.75
130.891	1200	21.1059	0.0	600000.0	5139.25	0.75
136.31873	1200	19.6781	0.0	600000.0	5427.73	1.2
139.54703	750	20.4498	0.0	375000.0	3228.3	0.3
143.03051	750	20.9664	0.0	375000.0	3483.48	0.75
146.25317	750	21.7437	0.0	375000.0	3222.66	0.75
149.73383	750	22.2631	0.0	375000.0	3480.66	0.75
