0.48382	0.046504898516
1.83118	0.0414624263918
3.16506	0.0481487823339
4.52862	0.05215778121
5.91295	0.0547687247516
7.26163	0.0699342741494
10.41179	0.0791321064942
13.63848	0.0862958072412
16.84735	0.0922204717811
22.2676	0.0939634691428
27.74279	0.106835125741
32.87109	0.108883634772
38.26125	0.107950752814
43.61783	0.107053983238
49.44498	0.10142467486
54.86484	0.101631585004
59.95898	0.101759750577
64.92622	0.10337371203
70.46778	0.102661529353
73.79229	0.105146187476
77.18302	0.105125004454
80.63776	0.103423566973
83.75831	0.104805269201
87.0467	0.105912086204
90.47251	0.105268875603
93.62483	0.106795298341
97.09574	0.106690371735
100.50435	0.106078022751
103.78476	0.106128596271
109.07006	0.106911024656
114.05967	0.106517761828
119.22272	0.108108601526
124.53714	0.10868802391
129.83458	0.108484481753
135.15232	0.108349553392
138.50011	0.110446554421
141.54374	0.106259904033
144.78179	0.106805202878
148.2019	0.106092805829
