0.559264	300	3.43598	0.0	22500.0	559.264	0.3
3.211074	300	4.78417	0.0	150000.0	2651.81	0.3
5.927134	300	6.06811	0.0	150000.0	2716.06	0.3
7.759334	300	8.23592	0.0	150000.0	1832.2	0.3
8.824744	300	11.1705	0.0	150000.0	1065.41	0.3
10.043574	300	13.9517	0.0	150000.0	1218.83	0.3
11.361414	300	16.6338	0.0	150000.0	1317.84	0.3
12.605954	300	19.3893	0.0	150000.0	1244.54	0.3
15.352864	750	20.6424	0.0	375000.0	2746.91	0.3
17.747604	750	22.2476	0.0	375000.0	2394.74	0.75
22.782954	1200	21.2123	1.03535	600000.0	5035.35	-3.7020049999999998
27.511674	1200	20.4836	0.72872	600000.0	4728.72	-1.933496
32.693174	1200	19.3021	1.1815	600000.0	5181.5	-3.8804499999999997
38.685944	1200	17.3093	1.99277	600000.0	5992.77	-7.368911
44.779744	1200	15.2155	2.0938	600000.0	6093.8	-7.8033399999999995
49.851194	1200	14.144	1.07145	600000.0	5071.45	-3.407235
54.974274	1200	13.021	1.12308	600000.0	5123.08	-3.629244
59.726374	1200	12.2689	0.752101	600000.0	4752.1	-2.0340343
65.102224	1200	10.893	1.37585	600000.0	5375.85	-4.716155
70.590264	1200	9.40496	1.48804	600000.0	5488.04	-5.1985719999999995
76.126954	1200	7.86827	1.53669	600000.0	5536.69	-5.407766999999999
81.638204	1200	6.35702	1.51125	600000.0	5511.25	-5.298374999999999
89.687494	1200	2.30774	4.04929	600000.0	8049.29	-16.211947
91.469334	300	4.5259	0.0	150000.0	1781.84	-0.6000000000000001
93.660184	300	6.33505	0.0	150000.0	2190.85	0.3
95.751194	300	8.24405	0.0	150000.0	2091.01	0.3
97.438374	300	10.5569	0.0	150000.0	1687.18	0.3
99.188494	300	12.8067	0.0	150000.0	1750.12	0.3
101.034174	300	14.9611	0.0	150000.0	1845.68	0.3
103.253924	300	16.7413	0.0	150000.0	2219.75	0.3
109.664914	750	14.3303	2.41099	375000.0	6410.99	-10.067256999999998
114.789884	750	13.2054	1.12497	375000.0	5124.97	-4.087371
117.116184	750	14.8791	0.0	375000.0	2326.3	0.75
120.211524	750	15.7837	0.0	375000.0	3095.34	0.75
123.885534	750	16.1097	0.0	375000.0	3674.01	0.75
127.175684	750	16.8196	0.0	375000.0	3290.15	0.75
130.555834	750	17.4394	0.0	375000.0	3380.15	0.75
134.169754	750	17.8255	0.0	375000.0	3613.92	0.75
136.852864	750	19.1424	0.0	375000.0	2683.11	0.75
142.076964	1200	17.9183	1.2241	600000.0	5224.1	-4.51363
148.422754	1200	15.5725	2.34579	600000.0	6345.79	-8.886897000000001
153.602544	1200	14.3927	1.17979	600000.0	5179.79	-3.8730969999999996
158.915804	1200	13.0794	1.31326	600000.0	5313.26	-4.447018
164.332884	1200	11.6624	1.41708	600000.0	5417.08	-4.893443999999999
168.993024	1200	11.0022	0.660144	600000.0	4660.14	-1.6386191999999997
174.452534	1200	9.5427	1.45951	600000.0	5459.51	-5.075893
180.157354	1200	7.83788	1.70482	600000.0	5704.82	-6.130725999999999
185.936454	1200	6.05878	1.7791	600000.0	5779.1	-6.450129999999999

