0.518975	300	3.47386	0.0	22500.0	518.975	0.3
2.932625	300	5.06021	0.0	150000.0	2413.65	0.3
5.686175	300	6.30666	0.0	150000.0	2753.55	0.3
7.645755	300	8.34708	0.0	150000.0	1959.58	0.3
8.752615	300	11.2402	0.0	150000.0	1106.86	0.3
9.947085	300	14.0458	0.0	150000.0	1194.47	0.3
12.549675	750	15.4432	0.0	375000.0	2602.59	0.3
14.887935	750	17.1049	0.0	375000.0	2338.26	0.75
17.064245	750	18.9286	0.0	375000.0	2176.31	0.75
19.681075	750	20.3118	0.0	375000.0	2616.83	0.75
22.990835	750	21.002	0.0	375000.0	3309.76	0.75
26.198535	750	21.7943	0.0	375000.0	3207.7	0.75
29.484215	750	22.5086	0.0	375000.0	3285.68	0.75
32.557865	750	23.435	0.0	375000.0	3073.65	0.75
36.544535	750	23.4483	0.0	375000.0	3986.67	0.75
39.266395	750	24.7265	0.0	375000.0	2721.86	0.75
42.059305	750	25.9335	0.0	375000.0	2792.91	0.75
45.630735	750	26.3621	0.0	375000.0	3571.43	0.75
53.222635	1850	22.7702	3.5919	925000.0	7591.9	-14.69517
61.418785	1850	18.5741	4.19615	925000.0	8196.15	-16.193445
69.809585	1850	14.1833	4.3908	925000.0	8390.8	-17.030439999999995
78.389125	1850	9.60372	4.57954	925000.0	8579.54	-17.842021999999996
81.938615	750	10.0542	0.0	375000.0	3549.49	-0.3500000000000001
86.005035	750	9.98781	0.0664184	375000.0	4066.42	0.46440088
89.177735	300	10.8151	0.0	150000.0	3172.7	-0.15000000000000002
91.671645	300	12.3212	0.0	150000.0	2493.91	0.3
94.522635	300	13.4702	0.0	150000.0	2850.99	0.3
96.445245	300	15.5476	0.0	150000.0	1922.61	0.3
100.627325	750	15.3655	0.182077	375000.0	4182.08	-0.4829310999999999
105.587985	750	14.4049	0.960664	375000.0	4960.66	-3.3808552
111.558425	750	12.4344	1.97044	375000.0	5970.44	-7.722892
115.009125	750	12.9837	0.0	375000.0	3450.7	0.75
117.637125	750	14.3557	0.0	375000.0	2628.0	0.75
120.798585	750	15.1943	0.0	375000.0	3161.46	0.75
124.508835	750	15.484	0.0	375000.0	3710.25	0.75
127.904215	750	16.0886	0.0	375000.0	3395.38	0.75
131.518415	750	16.4744	0.0	375000.0	3614.2	0.75
134.787615	750	17.2052	0.0	375000.0	3269.2	0.75
137.785675	750	18.2072	0.0	375000.0	2998.06	0.75
140.840205	750	19.1526	0.0	375000.0	3054.53	0.75
144.288045	750	19.7048	0.0	375000.0	3447.84	0.75
148.409815	750	19.583	0.12177	375000.0	4121.77	0.22638900000000006
151.712195	750	20.2806	0.0	375000.0	3302.38	0.75
154.699865	750	21.293	0.0	375000.0	2987.67	0.75
158.715595	750	21.2772	0.0157313	375000.0	4015.73	0.68235541
161.897375	750	22.0955	0.0	375000.0	3181.78	0.75
168.656765	1850	19.3361	2.75939	925000.0	6759.39	-11.115376999999999
176.022845	1850	15.97	3.36608	925000.0	7366.08	-12.624144000000001

