0.559264	300	3.43598	0.0	22500.0	559.264	0.3
3.211074	300	4.78417	0.0	150000.0	2651.81	0.3
5.927134	300	6.06811	0.0	150000.0	2716.06	0.3
7.759334	300	8.23592	0.0	150000.0	1832.2	0.3
8.824744	300	11.1705	0.0	150000.0	1065.41	0.3
10.043574	300	13.9517	0.0	150000.0	1218.83	0.3
13.477474	750	14.5178	0.0	375000.0	3433.9	0.3
16.681754	750	15.3135	0.0	375000.0	3204.28	0.75
19.702514	750	16.2927	0.0	375000.0	3020.76	0.75
22.936274	750	17.059	0.0	375000.0	3233.76	0.75
25.577844	750	18.4174	0.0	375000.0	2641.57	0.75
28.892334	750	19.1029	0.0	375000.0	3314.49	0.75
32.012844	750	19.9824	0.0	375000.0	3120.51	0.75
36.558994	750	19.4363	0.546149	375000.0	4546.15	-1.5984406999999998
40.373184	750	19.6221	0.0	375000.0	3814.19	0.75
43.800944	750	20.1943	0.0	375000.0	3427.76	0.75
47.071784	750	20.9235	0.0	375000.0	3270.84	0.75
49.911264	750	22.084	0.0	375000.0	2839.48	0.75
52.907264	750	23.088	0.0	375000.0	2996.0	0.75
56.055524	750	23.9397	0.0	375000.0	3148.26	0.75
59.104724	750	24.8905	0.0	375000.0	3049.2	0.75
62.629614	750	25.3656	0.0	375000.0	3524.89	0.75
66.218924	750	25.7763	0.0	375000.0	3589.31	0.75
74.500504	1850	21.4947	4.28158	925000.0	8281.58	-17.660794
83.801664	1850	16.1936	5.30116	925000.0	9301.16	-20.944988
94.867164	1850	9.12813	7.06546	925000.0	11065.5	-28.531477999999996
98.309974	750	9.68532	0.0	375000.0	3442.81	-0.3500000000000001
102.782634	750	9.21267	0.472656	375000.0	4472.66	-1.2824208000000001
105.771384	300	10.2239	0.0	150000.0	2988.75	-0.15000000000000002
110.383454	300	9.61185	0.612066	150000.0	4612.07	-2.3318838
113.590124	300	10.4052	0.0	150000.0	3206.67	0.3
115.111114	300	12.8842	0.0	150000.0	1520.99	0.3
116.601994	300	15.3933	0.0	150000.0	1490.88	0.3
119.296924	750	16.6984	0.0	375000.0	2694.93	0.3
122.327854	750	17.6675	0.0	375000.0	3030.93	0.75
125.042394	750	18.9529	0.0	375000.0	2714.54	0.75
128.450964	750	19.5444	0.0	375000.0	3408.57	0.75
132.145694	750	19.8496	0.0	375000.0	3694.73	0.75
135.162124	750	20.8332	0.0	375000.0	3016.43	0.75
138.262104	750	21.7332	0.0	375000.0	3099.98	0.75
141.310074	750	22.6852	0.0	375000.0	3047.97	0.75
145.607154	750	22.3882	0.297076	375000.0	4297.08	-0.5274268
148.948864	750	23.0465	0.0	375000.0	3341.71	0.75
152.185794	750	23.8095	0.0	375000.0	3236.93	0.75
155.204514	750	24.7908	0.0	375000.0	3018.72	0.75
162.048164	1850	21.9472	2.84365	925000.0	6843.65	-11.477694999999999
169.850874	1850	18.1445	3.80271	925000.0	7802.71	-14.501653
177.252644	1850	14.7427	3.40177	925000.0	7401.77	-12.777611

