0.559264	300	3.43598	0.0	22500.0	559.264	0.3
3.211074	300	4.78417	0.0	150000.0	2651.81	0.3
5.927134	300	6.06811	0.0	150000.0	2716.06	0.3
7.759334	300	8.23592	0.0	150000.0	1832.2	0.3
8.824744	300	11.1705	0.0	150000.0	1065.41	0.3
10.043574	300	13.9517	0.0	150000.0	1218.83	0.3
11.361414	300	16.6338	0.0	150000.0	1317.84	0.3
12.605954	300	19.3893	0.0	150000.0	1244.54	0.3
13.873724	300	22.1215	0.0	150000.0	1267.77	0.3
20.100234	1850	19.895	2.22651	925000.0	6226.51	-9.273993
28.053414	1850	15.9418	3.95318	925000.0	7953.18	-15.148674000000002
36.714794	1850	11.2805	4.66138	925000.0	8661.38	-18.193934
46.086884	1850	5.90836	5.37209	925000.0	9372.09	-21.249986999999997
49.001324	750	6.99392	0.0	375000.0	2914.44	-0.3500000000000001
51.999864	750	7.99538	0.0	375000.0	2998.54	0.75
55.715634	750	8.27961	0.0	375000.0	3715.77	0.75
58.469854	750	9.52539	0.0	375000.0	2754.22	0.75
61.688644	750	10.3066	0.0	375000.0	3218.79	0.75
63.674474	300	12.3208	0.0	150000.0	1985.83	-0.15000000000000002
65.582624	300	14.4126	0.0	150000.0	1908.15	0.3
67.405134	300	16.5901	0.0	150000.0	1822.51	0.3
69.198184	300	18.7971	0.0	150000.0	1793.05	0.3
72.532844	750	19.4624	0.0	375000.0	3334.66	0.3
75.700294	750	20.295	0.0	375000.0	3167.45	0.75
79.340284	750	20.655	0.0	375000.0	3639.99	0.75
82.845524	750	21.1497	0.0	375000.0	3505.24	0.75
85.153284	300	22.842	0.0	150000.0	2307.76	-0.15000000000000002
91.152814	750	20.8424	1.99953	375000.0	5999.53	-8.297979
94.510734	300	21.4845	0.0	150000.0	3357.92	-0.15000000000000002
97.230244	300	22.765	0.0	150000.0	2719.51	0.3
100.029804	300	23.9655	0.0	150000.0	2799.56	0.3
105.849444	750	22.1458	1.81964	375000.0	5819.64	-7.524451999999999
113.442844	750	18.5524	3.5934	375000.0	7593.4	-14.701619999999998
115.753634	750	20.2416	0.0	375000.0	2310.79	0.75
116.917364	300	23.0779	0.0	150000.0	1163.73	-0.15000000000000002
118.332074	300	25.6632	0.0	150000.0	1414.71	0.3
121.227134	750	26.7681	0.0	375000.0	2895.06	0.3
125.135424	750	26.8599	0.0	375000.0	3908.29	0.75
134.232994	1850	21.7623	5.09757	925000.0	9097.57	-21.169551
142.431594	1850	17.5637	4.1986	925000.0	8198.6	-16.203979999999998
151.951944	1850	12.0433	5.52035	925000.0	9520.35	-21.887504999999997
160.099124	1850	7.89615	4.14718	925000.0	8147.18	-15.982873999999997
161.542194	300	10.4531	0.0	150000.0	1443.07	-1.25
163.127064	300	12.8682	0.0	150000.0	1584.87	0.3
165.188964	300	14.8063	0.0	150000.0	2061.9	0.3
166.568854	300	17.4264	0.0	150000.0	1379.89	0.3
173.544604	1850	14.4507	2.97575	925000.0	6975.75	-12.495725
187.140604	2850	4.85468	9.596	1425000.0	13596.0	-39.4128

