0.559264	0.0402314470447
3.211074	0.0364848666258
5.927134	0.0383862948332
7.759334	0.0393358696868
8.824744	0.038838552026
10.043574	0.0491154304391
11.361414	0.0571541761532
12.605954	0.0697467468906
15.352864	0.0783508631348
17.747604	0.0861129062734
22.782954	0.0977566196787
27.511674	0.105629167994
32.693174	0.108391838535
38.685944	0.0936626458776
44.779744	0.085824378685
49.851194	0.0857099176019
54.974274	0.0844791323483
59.726374	0.0858210134215
65.102224	0.0923243096082
70.590264	0.102424346373
76.126954	0.100610815464
81.638204	0.0991461363928
89.687494	0.0663376056685
91.469334	0.0626737348478
93.660184	0.0568066060367
95.751194	0.0525593307887
97.438374	0.0508938784161
99.188494	0.057132281354
101.034174	0.0567509550755
103.253924	0.0654042857358
109.664914	0.0557427780038
114.789884	0.053803750796
117.116184	0.0502220606918
120.211524	0.0536112446716
123.885534	0.0584843811773
127.175684	0.0689077032901
130.555834	0.0765337289248
134.169754	0.0810924514793
136.852864	0.0928612279208
142.076964	0.0952007084998
148.422754	0.0907708854235
153.602544	0.0915439204443
158.915804	0.0931729739447
164.332884	0.0893616189055
168.993024	0.0912339723851
174.452534	0.10003821749
180.157354	0.0980603059432
185.936454	0.0963697317741

