0.518975	300	3.47386	0.0	22500.0	518.975	0.3
2.932625	300	5.06021	0.0	150000.0	2413.65	0.3
5.686175	300	6.30666	0.0	150000.0	2753.55	0.3
7.645755	300	8.34708	0.0	150000.0	1959.58	0.3
8.752615	300	11.2402	0.0	150000.0	1106.86	0.3
9.947085	300	14.0458	0.0	150000.0	1194.47	0.3
11.249975	300	16.7429	0.0	150000.0	1302.89	0.3
12.504525	300	19.4883	0.0	150000.0	1254.55	0.3
14.956365	750	21.0365	0.0	375000.0	2451.84	0.3
19.057315	1200	20.9355	0.100953	600000.0	4100.95	0.3159020999999999
24.069605	1200	19.9233	1.01229	600000.0	5012.29	-3.1528469999999995
29.134495	1200	18.8584	1.06489	600000.0	5064.89	-3.379026999999999
34.497325	1200	17.4955	1.36283	600000.0	5362.83	-4.660169
40.183185	1200	15.8097	1.68586	600000.0	5685.86	-6.049197999999999
46.605085	1200	13.3878	2.4219	600000.0	6421.9	-9.21417
51.233065	1200	12.7598	0.627981	600000.0	4627.98	-1.5003182999999998
56.228255	1200	11.7646	0.995188	600000.0	4995.19	-3.0793083999999995
61.063495	1200	10.9294	0.835242	600000.0	4835.24	-2.3915406
66.796245	1200	9.19661	1.73275	600000.0	5732.75	-6.250825
72.152295	1200	7.84056	1.35605	600000.0	5356.05	-4.631015
77.679835	1200	6.31302	1.52754	600000.0	5527.54	-5.368421999999999
83.652305	1200	4.34054	1.97247	600000.0	5972.47	-7.281620999999999
89.796505	750	2.19634	2.1442	375000.0	6144.2	-8.92006
91.663735	300	4.32911	0.0	150000.0	1867.23	-0.15000000000000002
94.034745	300	5.9581	0.0	150000.0	2371.01	0.3
95.944925	300	8.04792	0.0	150000.0	1910.18	0.3
97.606845	300	10.386	0.0	150000.0	1661.92	0.3
99.353855	300	12.639	0.0	150000.0	1747.01	0.3
101.296255	300	14.6966	0.0	150000.0	1942.4	0.3
103.587955	300	16.4049	0.0	150000.0	2291.7	0.3
110.908675	750	13.0842	3.32072	375000.0	7320.72	-13.979095999999998
115.881325	750	12.1115	0.97265	375000.0	4972.65	-3.4323949999999996
118.736595	750	13.2563	0.0	375000.0	2855.27	0.75
121.732775	750	14.2601	0.0	375000.0	2996.18	0.75
124.367345	750	15.6255	0.0	375000.0	2634.57	0.75
127.716785	750	16.2761	0.0	375000.0	3349.44	0.75
131.241575	750	16.7513	0.0	375000.0	3524.79	0.75
134.541765	750	17.4511	0.0	375000.0	3300.19	0.75
137.473835	750	18.519	0.0	375000.0	2932.07	0.75
140.634785	750	19.3581	0.0	375000.0	3160.95	0.75
146.369555	1200	17.6233	1.73477	600000.0	5734.77	-6.709510999999999
152.237455	1200	15.7554	1.8679	600000.0	5867.9	-6.831969999999999
157.359475	1200	14.6334	1.12202	600000.0	5122.02	-3.6246859999999996
161.948955	1200	14.0439	0.58948	600000.0	4589.48	-1.334764
166.716045	1200	13.2768	0.767092	600000.0	4767.09	-2.0984955999999997
171.486535	1200	12.5063	0.770486	600000.0	4770.49	-2.1130898
175.999815	1200	11.9931	0.513281	600000.0	4513.28	-1.0071082999999998
185.335865	1850	6.657	5.33605	925000.0	9336.05	-21.745015

