0.598826	300	3.39883	0.0	22500.0	598.826	0.3
3.451546	300	4.54611	0.0	150000.0	2852.72	0.3
7.528536	300	4.46912	0.0769871	150000.0	4076.99	-0.031044530000000015
9.810396	300	6.18726	0.0	150000.0	2281.86	0.3
13.017726	300	6.97993	0.0	150000.0	3207.33	0.3
16.311466	300	7.6862	0.0	150000.0	3293.74	0.3
19.263996	300	8.73366	0.0	150000.0	2952.53	0.3
22.973616	300	9.02404	0.0	150000.0	3709.62	0.3
25.766776	300	10.2309	0.0	150000.0	2793.16	0.3
29.934796	300	10.0629	0.168016	150000.0	4168.02	-0.4224687999999999
33.221446	300	10.7762	0.0	150000.0	3286.65	0.3
42.690746	300	5.30691	5.4693	150000.0	9469.3	-23.217989999999997
61.213546	300	0	14.5228	150000.0	18522.8	-62.14804
74.512546	300	0	9.29898	150000.0	13299.0	-39.685614
86.926746	300	0.067157	8.41421	150000.0	12414.2	-35.881103
110.967746	300	0	20.041	150000.0	24041.0	-85.8763
136.056046	300	0	21.0883	150000.0	25088.3	-90.37969
164.373446	300	0	24.3174	150000.0	28317.4	-104.26482
