0.518975	300	3.47386	0.0	22500.0	518.975	0.3
2.932625	300	5.06021	0.0	150000.0	2413.65	0.3
5.686175	300	6.30666	0.0	150000.0	2753.55	0.3
7.645755	300	8.34708	0.0	150000.0	1959.58	0.3
8.752615	300	11.2402	0.0	150000.0	1106.86	0.3
9.947085	300	14.0458	0.0	150000.0	1194.47	0.3
11.249975	300	16.7429	0.0	150000.0	1302.89	0.3
12.504525	300	19.4883	0.0	150000.0	1254.55	0.3
13.800885	300	22.192	0.0	150000.0	1296.36	0.3
20.583695	1850	19.4092	2.78281	925000.0	6782.81	-11.666083
28.399365	1850	15.5935	3.81567	925000.0	7815.67	-14.557380999999998
37.133355	1850	10.8595	4.73399	925000.0	8733.99	-18.506156999999998
46.561785	1850	5.43107	5.42843	925000.0	9428.43	-21.492248999999997
48.606515	300	7.38634	0.0	150000.0	2044.73	-1.25
50.240485	300	9.75237	0.0	150000.0	1633.97	0.3
52.244925	300	11.7479	0.0	150000.0	2004.44	0.3
54.455605	300	13.5372	0.0	150000.0	2210.68	0.3
56.046055	300	15.9468	0.0	150000.0	1590.45	0.3
57.980695	300	18.0122	0.0	150000.0	1934.64	0.3
60.028945	300	19.9639	0.0	150000.0	2048.25	0.3
62.049285	300	21.9436	0.0	150000.0	2020.34	0.3
64.035105	300	23.9578	0.0	150000.0	1985.82	0.3
65.974005	300	26.0189	0.0	150000.0	1938.9	0.3
67.794515	300	28.1983	0.0	150000.0	1820.51	0.3
69.513305	300	30.4796	0.0	150000.0	1718.79	0.3
73.343505	750	30.6494	0.0	375000.0	3830.2	0.3
75.348205	300	32.6447	0.0	150000.0	2004.7	-0.15000000000000002
77.462095	300	34.5308	0.0	150000.0	2113.89	0.3
82.235365	750	33.7575	0.773265	375000.0	4773.27	-3.0250395
84.959875	300	35.033	0.0	150000.0	2724.51	-0.15000000000000002
90.466545	750	33.5263	1.50667	375000.0	5506.67	-6.178681
95.505085	750	32.4878	1.03854	375000.0	5038.54	-3.7157219999999995
99.896605	750	32.0963	0.391518	375000.0	4391.52	-0.9335273999999998
105.051135	750	30.9417	1.15453	375000.0	5154.53	-4.214479
109.953925	300	30.039	0.902787	150000.0	4902.79	-4.0319841
113.625845	300	30.367	0.0	150000.0	3671.92	0.3
115.348235	300	32.6446	0.0	150000.0	1722.39	0.3
116.791905	300	35.201	0.0	150000.0	1443.67	0.3
118.205135	300	37.7877	0.0	150000.0	1413.23	0.3
119.639675	300	40.3532	0.0	150000.0	1434.54	0.3
125.031745	1200	38.9611	1.39207	600000.0	5392.07	-5.685900999999999
133.963975	1850	34.0289	4.93223	925000.0	8932.23	-20.008588999999994
141.904665	1850	30.0882	3.94069	925000.0	7940.69	-15.094966999999999
151.654765	1850	24.3381	5.7501	925000.0	9750.1	-22.875429999999998
160.073605	1850	19.9193	4.41884	925000.0	8418.84	-17.151011999999998
166.502105	1850	17.4908	2.4285	925000.0	6428.5	-8.592550000000001
173.713765	1850	14.2791	3.21166	925000.0	7211.66	-11.960138
187.790265	2850	4.20259	10.0765	1425000.0	14076.5	-41.47894999999999

