0.598826	300	3.39883	0.0	22500.0	598.826	0.3
3.451546	300	4.54611	0.0	150000.0	2852.72	0.3
7.528536	300	4.46912	0.0769871	150000.0	4076.99	-0.031044530000000015
9.810396	300	6.18726	0.0	150000.0	2281.86	0.3
12.411646	300	7.58601	0.0	150000.0	2601.25	0.3
14.779676	300	9.21798	0.0	150000.0	2368.03	0.3
18.203516	300	9.79415	0.0	150000.0	3423.84	0.3
22.192586	300	9.80508	0.0	150000.0	3989.07	0.3
25.164646	300	10.833	0.0	150000.0	2972.06	0.3
28.242926	300	11.7547	0.0	150000.0	3078.28	0.3
32.109926	300	11.8877	0.0	150000.0	3867.0	0.3
35.952246	300	12.0454	0.0	150000.0	3842.32	0.3
38.906096	300	13.0916	0.0	150000.0	2953.85	0.3
42.668276	300	13.3294	0.0	150000.0	3762.18	0.3
46.303406	300	13.6943	0.0	150000.0	3635.13	0.3
49.175346	300	14.8223	0.0	150000.0	2871.94	0.3
52.186136	300	15.8115	0.0	150000.0	3010.79	0.3
55.172786	300	16.8249	0.0	150000.0	2986.65	0.3
57.857096	300	18.1406	0.0	150000.0	2684.31	0.3
60.703526	300	19.2941	0.0	150000.0	2846.43	0.3
63.887396	300	20.1103	0.0	150000.0	3183.87	0.3
66.676156	300	21.3215	0.0	150000.0	2788.76	0.3
73.907826	750	18.0898	3.23167	375000.0	7231.67	-13.596180999999998
82.225916	750	13.7717	4.31809	375000.0	8318.09	-17.817787
91.358826	750	8.63884	5.13291	375000.0	9132.91	-21.321513
101.897226	750	2.10044	6.5384	375000.0	10538.4	-27.36512
109.726516	300	0.13195	3.82929	150000.0	7829.29	-16.615947
120.186216	300	0	6.45967	150000.0	10459.7	-27.476581
131.282916	300	0	7.09673	150000.0	11096.7	-30.215939
139.391666	300	0.106945	4.10875	150000.0	8108.75	-17.367624999999997
149.148246	300	0	5.75658	150000.0	9756.58	-24.453293999999996
156.461106	300	0.0969269	3.31286	150000.0	7312.86	-13.945298
162.565496	300	0	2.10439	150000.0	6104.39	-8.748876999999998
171.743716	300	0	5.17822	150000.0	9178.22	-21.966345999999998
182.146816	300	0	6.40311	150000.0	10403.1	-27.233372999999997
192.289416	300	0.00413867	6.14258	150000.0	10142.6	-26.113093999999997
