0.598826	300	3.39883	0.0	22500.0	598.826	0.3
3.451546	300	4.54611	0.0	150000.0	2852.72	0.3
7.528536	300	4.46912	0.0769871	150000.0	4076.99	-0.031044530000000015
9.810396	300	6.18726	0.0	150000.0	2281.86	0.3
12.411646	300	7.58601	0.0	150000.0	2601.25	0.3
15.414006	300	8.58366	0.0	150000.0	3002.36	0.3
18.712116	300	9.28555	0.0	150000.0	3298.11	0.3
22.795076	300	9.20259	0.0829591	150000.0	4082.96	-0.056724129999999984
26.813826	300	9.18384	0.0187468	150000.0	4018.75	0.21938876
30.661176	300	9.33649	0.0	150000.0	3847.35	0.3
34.088986	300	9.90868	0.0	150000.0	3427.81	0.3
38.693516	300	9.30415	0.604532	150000.0	4604.53	-2.2994876
42.234866	300	9.7628	0.0	150000.0	3541.35	0.3
60.762266	300	0	14.5274	150000.0	18527.4	-62.16782
76.180266	300	0	11.418	150000.0	15418.0	-48.797399999999996
90.600966	300	0	10.4207	150000.0	14420.7	-44.50901
100.148726	300	0	5.54776	150000.0	9547.76	-23.555367999999998
125.539026	300	0	21.3903	150000.0	25390.3	-91.67829
150.220526	300	0	20.6815	150000.0	24681.5	-88.63045
163.625626	300	0	9.4051	150000.0	13405.1	-40.141929999999995
173.972926	300	0	6.34734	150000.0	10347.3	-26.993561999999997
183.762846	300	0.0136161	5.78992	150000.0	9789.92	-24.596656
196.832246	300	0	9.06937	150000.0	13069.4	-38.698291
