0.48382	300	3.51305	0.0	22500.0	483.82	0.3
1.83118	300	6.1657	0.0	150000.0	1347.36	0.3
3.16506	300	8.83181	0.0	150000.0	1333.88	0.3
6.49452	750	9.50235	0.0	375000.0	3329.46	0.3
11.85723	1200	8.13964	0.0	600000.0	5362.71	0.75
15.14735	750	8.84953	0.0	375000.0	3290.12	0.3
18.29708	750	9.69979	0.0	375000.0	3149.73	0.75
23.41824	1200	8.57863	0.0	600000.0	5121.16	0.75
26.62753	750	9.36934	0.0	375000.0	3209.29	0.3
32.04778	1200	7.94909	0.0	600000.0	5420.25	0.75
35.49624	750	8.50063	0.0	375000.0	3448.46	0.3
38.73083	750	9.26605	0.0	375000.0	3234.59	0.75
44.12057	1200	7.87631	0.0	600000.0	5389.74	0.75
47.49602	750	8.50085	0.0	375000.0	3375.45	0.3
51.1659	750	8.83097	0.0	375000.0	3669.88	0.75
54.57943	750	9.41744	0.0	375000.0	3413.53	0.75
59.67315	1200	8.32372	0.0	600000.0	5093.72	0.75
62.80941	750	9.18746	0.0	375000.0	3136.26	0.3
68.35139	1200	7.64548	0.0	600000.0	5541.98	0.75
71.6759	750	8.32097	0.0	375000.0	3324.51	0.3
75.06663	750	8.93024	0.0	375000.0	3390.73	0.75
78.52137	750	9.4755	0.0	375000.0	3454.74	0.75
83.46845	1200	8.52842	0.0	600000.0	4947.08	0.75
86.75726	750	9.23961	0.0	375000.0	3288.81	0.3
92.19627	1200	7.8006	0.0	600000.0	5439.01	0.75
95.34859	750	8.64828	0.0	375000.0	3152.32	0.3
98.8195	750	9.17736	0.0	375000.0	3470.91	0.75
104.22748	1200	7.76938	0.0	600000.0	5407.98	0.75
107.50747	750	8.48939	0.0	375000.0	3279.99	0.3
110.8422	750	9.15466	0.0	375000.0	3334.73	0.75
115.83139	1200	8.16547	0.0	600000.0	4989.19	0.75
119.08615	750	8.91071	0.0	375000.0	3254.76	0.3
122.43304	750	9.56382	0.0	375000.0	3346.89	0.75
127.73048	1200	8.26638	0.0	600000.0	5297.44	0.75
131.0848	750	8.91206	0.0	375000.0	3354.32	0.3
134.43217	750	9.56469	0.0	375000.0	3347.37	0.75
139.25307	1200	8.7438	0.0	600000.0	4820.9	0.75
142.49112	750	9.50574	0.0	375000.0	3238.05	0.3
147.91842	1200	8.07844	0.0	600000.0	5427.3	0.75
