187.25157	0.0975476759188
190.50504	0.1016354875
193.85625	0.10208202608
197.23692	0.102083900632
200.6344	0.102247492327
203.96103	0.103857519905
207.38667	0.108352162692
212.858	0.107915102381
218.04279	0.106830451829
223.25648	0.107720702857
228.61827	0.10756269844
234.12891	0.107443576898
239.75353	0.106065889597
243.16708	0.104985066314
246.40252	0.105128162521
249.55061	0.104391581781
252.91175	0.104911298058
256.27061	0.105905511515
259.6027	0.106430411881
262.7672	0.106891781943
266.00511	0.109852611562
269.20595	0.110933325781
272.36787	0.112290526273
277.70168	0.112279775921
282.34234	0.107726059415
287.64969	0.107190040293
292.95679	0.10641371468
297.99671	0.106493235855
