186.86904	300	9.12782	0.0	375000.0	3458.66	0.3
192.02698	1200	7.96988	1.15794	600000.0	5157.94	-4.679142
195.37819	750	8.61867	0.0	375000.0	3351.21	0.3
198.75886	750	9.238	0.0	375000.0	3380.67	0.75
204.14574	1200	7.85112	1.38688	600000.0	5386.88	-5.213583999999999
207.47279	750	8.52407	0.0	375000.0	3327.05	0.3
210.89843	750	9.09843	0.0	375000.0	3425.64	0.75
216.36976	1200	7.6271	1.47133	600000.0	5471.33	-5.576719
219.63786	750	8.359	0.0	375000.0	3268.1	0.3
222.92356	750	9.0733	0.0	375000.0	3285.7	0.75
228.28535	1200	7.71151	1.36179	600000.0	5361.79	-5.105697
231.75434	750	8.24252	0.0	375000.0	3468.99	0.3
235.29484	750	8.70202	0.0	375000.0	3540.5	0.75
238.70882	750	9.28804	0.0	375000.0	3413.98	0.75
243.8406	1200	8.15626	1.13178	600000.0	5131.78	-4.116654
246.98869	750	9.00817	0.0	375000.0	3148.09	0.3
252.32128	1200	7.67558	1.33259	600000.0	5332.59	-4.980136999999999
255.68014	750	8.31672	0.0	375000.0	3358.86	0.3
259.01223	750	8.98463	0.0	375000.0	3332.09	0.75
262.17673	750	9.82013	0.0	375000.0	3164.5	0.75
267.31439	1200	8.68247	1.13766	600000.0	5137.66	-4.141938
270.51565	750	9.48121	0.0	375000.0	3201.26	0.3
275.52517	1200	8.47169	1.00952	600000.0	5009.52	-3.590936
278.88773	750	9.10913	0.0	375000.0	3362.56	0.3
283.52839	1200	8.46847	0.640663	600000.0	4640.66	-2.0048508999999997
286.87368	750	9.12318	0.0	375000.0	3345.29	0.3
292.18036	1200	7.8165	1.30668	600000.0	5306.68	-4.868724
295.35709	750	8.63977	0.0	375000.0	3176.73	0.3
298.47921	750	9.51765	0.0	375000.0	3122.12	0.75
