0.518975	0.0433546895323
2.932625	0.0392182218366
5.686175	0.0400510053838
7.645755	0.0429825124968
8.752615	0.0405479806662
9.947085	0.0502907508122
11.249975	0.0570069470012
12.504525	0.0695398051787
14.956365	0.081196376995
19.057315	0.08746383164
24.069605	0.0985026169073
29.134495	0.101312235548
34.497325	0.0998241952057
40.183185	0.098150576089
46.605085	0.085558620153
51.233065	0.0867691078196
56.228255	0.0869923255204
61.063495	0.0887199468155
66.796245	0.0885636296424
72.152295	0.101231740819
77.679835	0.102407743847
83.652305	0.0968809345864
89.796505	0.0516286538343
91.663735	0.0490043152926
94.034745	0.0437203595536
95.944925	0.0414333261918
97.606845	0.0407521774363
99.353855	0.0565227888362
101.296255	0.0560816978198
103.587955	0.0659969840001
110.908675	0.0462911168139
115.881325	0.0449015921716
118.736595	0.04754023939
121.732775	0.0512436836717
124.367345	0.0588754189145
127.716785	0.0755769270723
131.241575	0.0827008221672
134.541765	0.0819148673046
137.473835	0.0822484891917
140.634785	0.0965295833693
146.369555	0.103136357824
152.237455	0.101374932761
157.359475	0.101981048935
161.948955	0.100387332614
166.716045	0.101505203952
171.486535	0.105402146899
175.999815	0.111410803288
185.335865	0.0953320147101

