0.48382	300	3.51305	0.0	22500.0	483.82	0.3
1.83118	300	6.1657	0.0	150000.0	1347.36	0.3
3.16506	300	8.83181	0.0	150000.0	1333.88	0.3
4.52862	300	11.4683	0.0	150000.0	1363.56	0.3
5.91295	300	14.0839	0.0	150000.0	1384.33	0.3
7.26163	300	16.7352	0.0	150000.0	1348.68	0.3
10.41179	750	17.5851	0.0	375000.0	3150.16	0.3
13.63848	750	18.3584	0.0	375000.0	3226.69	0.75
16.84735	750	19.1495	0.0	375000.0	3208.87	0.75
22.2676	1200	17.7293	0.0	600000.0	5420.25	0.75
27.74279	1200	16.2541	0.0	600000.0	5475.19	1.2
32.87109	1200	15.1258	0.0	600000.0	5128.3	1.2
38.26125	1200	13.7356	0.0	600000.0	5390.16	1.2
43.61783	1200	12.379	0.0	600000.0	5356.58	1.2
49.44498	1200	10.5519	0.0	600000.0	5827.15	1.2
54.86484	1200	9.13204	0.0	600000.0	5419.86	1.2
59.95898	1200	8.0379	0.0	600000.0	5094.14	1.2
64.92622	1200	7.07066	0.0	600000.0	4967.24	1.2
70.46778	1200	5.5291	0.0124602	600000.0	5541.56	1.14642114
73.79229	750	6.20459	0.0	375000.0	3324.51	0.3
77.18302	750	6.81387	0.0	375000.0	3390.73	0.75
80.63776	750	7.35913	0.0	375000.0	3454.74	0.75
83.75831	750	8.23858	0.0	375000.0	3120.55	0.75
87.0467	750	8.95019	0.0	375000.0	3288.39	0.75
90.47251	750	9.52438	0.0	375000.0	3425.81	0.75
93.62483	750	10.3721	0.0	375000.0	3152.32	0.75
97.09574	750	10.9011	0.0	375000.0	3470.91	0.75
100.50435	750	11.4925	0.0	375000.0	3408.61	0.75
103.78476	750	12.2121	0.0	375000.0	3280.41	0.75
109.07006	1200	10.9268	0.0	600000.0	5285.3	0.75
114.05967	1200	9.93722	0.0	600000.0	4989.61	1.2
119.22272	1200	8.77417	0.0	600000.0	5163.05	1.2
124.53714	1200	7.45975	0.0	600000.0	5314.42	1.2
129.83458	1200	6.1623	0.0	600000.0	5297.44	1.2
135.15232	1200	4.84456	0.473181	600000.0	5317.74	-0.8346783
138.50011	750	5.49677	0.0	375000.0	3347.79	0.3
141.54374	750	6.45314	0.0	375000.0	3043.63	0.75
144.78179	750	7.21509	0.0	375000.0	3238.05	0.75
148.2019	750	7.79498	0.0	375000.0	3420.11	0.75
