186.58791	300	9.40898	0.0	150000.0	1415.23	0.3
187.92259	300	12.0743	0.0	150000.0	1334.68	0.3
189.29662	300	14.7003	0.0	150000.0	1374.03	0.3
190.68221	300	17.3147	0.0	150000.0	1385.59	0.3
194.07969	750	17.9172	0.0	375000.0	3397.48	0.3
197.40632	750	18.5906	0.0	375000.0	3326.63	0.75
198.80804	300	21.1888	0.0	150000.0	1401.72	-0.15000000000000002
202.25516	750	21.7417	0.0	375000.0	3447.12	0.3
205.52326	750	22.4736	0.0	375000.0	3268.1	0.75
208.80896	750	23.1879	0.0	375000.0	3285.7	0.75
214.17075	1200	21.8261	1.36179	600000.0	5361.79	-5.105697
217.63974	750	22.3571	0.0	375000.0	3468.99	0.3
221.18024	750	22.8166	0.0	375000.0	3540.5	0.75
226.59825	1200	21.3986	1.41801	600000.0	5418.01	-5.347442999999999
229.83369	750	22.1632	0.0	375000.0	3235.44	0.3
232.98178	750	23.0151	0.0	375000.0	3148.09	0.75
238.31437	1200	21.6825	1.33259	600000.0	5332.59	-4.980136999999999
241.67323	750	22.3237	0.0	375000.0	3358.86	0.3
246.963	1200	21.0339	1.28977	600000.0	5289.77	-4.796011
250.1275	750	21.8694	0.0	375000.0	3164.5	0.3
255.26516	1200	20.7317	1.13766	600000.0	5137.66	-4.141938
258.46642	750	21.5305	0.0	375000.0	3201.26	0.3
263.47594	1200	20.5209	1.00952	600000.0	5009.52	-3.590936
268.81017	1200	19.1867	1.33423	600000.0	5334.23	-4.537189
271.73866	750	20.2582	0.0	375000.0	2928.49	0.3
277.04601	1200	18.9509	1.30735	600000.0	5307.35	-4.871605
280.39481	750	19.6021	0.0	375000.0	3348.8	0.3
283.57154	750	20.4253	0.0	375000.0	3176.73	0.75
286.69366	750	21.3032	0.0	375000.0	3122.12	0.75
292.08308	1200	19.9138	1.38942	600000.0	5389.42	-5.224506
295.39167	750	20.6052	0.0	375000.0	3308.59	0.3
298.46377	750	21.5331	0.0	375000.0	3072.1	0.75
