187.25157	300	8.74533	0.0	150000.0	1415.23	0.3
190.50504	750	9.49186	0.0	375000.0	3253.47	0.3
193.85625	750	10.1407	0.0	375000.0	3351.21	0.75
197.23692	750	10.76	0.0	375000.0	3380.67	0.75
200.6344	750	11.3625	0.0	375000.0	3397.48	0.75
203.96103	750	12.0359	0.0	375000.0	3326.63	0.75
207.38667	750	12.6102	0.0	375000.0	3425.64	0.75
212.858	1200	11.1389	1.47133	600000.0	5471.33	-5.576719
218.04279	1200	9.95411	1.18479	600000.0	5184.79	-3.894597
223.25648	1200	8.74042	1.21369	600000.0	5213.69	-4.018866999999999
228.61827	1200	7.37864	1.36179	600000.0	5361.79	-4.655697
234.12891	1200	5.868	1.51064	600000.0	5510.64	-5.295751999999999
239.75353	1200	4.24337	1.62462	600000.0	5624.62	-5.7858659999999995
243.16708	750	4.82982	0.0	375000.0	3413.55	0.3
246.40252	750	5.59438	0.0	375000.0	3235.44	0.75
249.55061	750	6.44629	0.0	375000.0	3148.09	0.75
252.91175	750	7.08515	0.0	375000.0	3361.14	0.75
256.27061	750	7.72629	0.0	375000.0	3358.86	0.75
259.6027	750	8.3942	0.0	375000.0	3332.09	0.75
262.7672	750	9.2297	0.0	375000.0	3164.5	0.75
266.00511	750	9.99179	0.0	375000.0	3237.91	0.75
269.20595	750	10.791	0.0	375000.0	3200.84	0.75
272.36787	750	11.629	0.0	375000.0	3161.92	0.75
277.70168	1200	10.2952	1.33381	600000.0	5333.81	-4.985383
282.34234	1200	9.65456	0.640663	600000.0	4640.66	-1.5548508999999997
287.64969	1200	8.34721	1.30735	600000.0	5307.35	-4.421605
292.95679	1200	7.04011	1.3071	600000.0	5307.1	-4.420529999999999
297.99671	1200	6.00019	1.03992	600000.0	5039.92	-3.2716559999999992
