0.598826	0.0375735188519
3.451546	0.0340964297341
7.528536	0.0320530467303
9.810396	0.0330912334527
12.411646	0.0345561798001
15.414006	0.0368649041973
18.712116	0.0357889771722
22.795076	0.0357749818469
26.813826	0.0329723841715
30.661176	0.0307209898662
34.088986	0.0300211098589
38.693516	0.0280582755059
42.234866	0.0293122610412
60.762266	0.00463605444854
76.180266	0.00345760023504
90.600966	0.00278501684568
100.148726	0.00256100038195
125.539026	0.00188930320266
150.220526	0.00369200765965
163.625626	0.00415188545845
173.972926	0.00435473891453
183.762846	0.00434212688709
196.832246	0.00710130503651
